  0.000000000000000E+000   1.00000001490116       0.000000000000000E+000
  9.999999776482582E-003  0.999899974463879       9.998858589661992E-005
  1.999999955296516E-002  0.999600139254333       3.998176719966183E-004
  2.999999932944775E-002  0.999100890742255       8.990777790408994E-004
  3.999999910593033E-002  0.998402801132244       1.597089530484222E-003
  4.999999888241291E-002  0.997507014833495       2.492908611787983E-003
  5.999999865889549E-002  0.996414676255206       3.585329705258156E-003
  6.999999843537807E-002  0.995127120541440       4.872894359721158E-003
  7.999999821186066E-002  0.993646064305992       6.353904401569133E-003
  8.999999798834324E-002  0.991973510264955       8.026421189701871E-003
  9.999999776482582E-002  0.990111651869292       9.888290016178636E-003
  0.109999997541308       0.988062777937394       1.193714159633430E-002
  0.119999997317791       0.985829558757388       1.417040547982462E-002
  0.129999997094274       0.983414664617399       1.658533240236837E-002
  0.139999996870756       0.980821051907853       1.917899279563118E-002
  0.149999996647239       0.978051772386607       2.194830509943224E-002
  0.159999996423721       0.975109973178952       2.489003725186045E-002
  0.169999996200204       0.971999182879912       2.800082010031968E-002
  0.179999995976686       0.968722834717077       3.127718018408387E-002
  0.189999995753169       0.965284457285470       3.471551589243882E-002
  0.199999995529652       0.961687865282414       3.831214961874707E-002
  0.209999995306134       0.957936682670365       4.206329646800899E-002
  0.219999995082617       0.954034819514078       4.596512386150842E-002
  0.229999994859099       0.949986281245742       5.001371577402525E-002
  0.239999994635582       0.945794882562680       5.420509061522916E-002
  0.249999994412065       0.941464628897080       5.853526679478982E-002
  0.259999994188547       0.936999716415997       6.300016735494385E-002
  0.269999993965030       0.932404150551619       6.759572129839242E-002
  0.279999993741512       0.927682222838435       7.231780398365562E-002
  0.289999993517995       0.922837652606333       7.716229076925352E-002
  0.299999993294477       0.917874922124668       8.212505105324164E-002
  0.309999993070960       0.912798036825627       8.720190058949440E-002
  0.319999992847443       0.907611288243700       9.238868493420904E-002
  0.329999992623925       0.902318777178508       9.768122580172456E-002
  0.339999992400408       0.896924604429671       0.103075374708703     
  0.349999992176890       0.891432966164245       0.108566953369483     
  0.359999991953373       0.885848344651585       0.114151789458868     
  0.369999991729856       0.880174173119279       0.119825722572591     
  0.379999991506338       0.874415315306415       0.125584628069172     
  0.389999991282821       0.868575681277747       0.131424333623414     
  0.399999991059303       0.862659276465465       0.137340714593838     
  0.409999990835786       0.856670392404055       0.143329670180822     
  0.419999990612268       0.850612843790842       0.149387039980099     
  0.429999990388751       0.844491208262610       0.155508770875763     
  0.439999990165234       0.838309205149251       0.161690773989123     
  0.449999989941716       0.832070935250385       0.167928960441484     
  0.459999989718199       0.825780594733068       0.174219324800660     
  0.469999989494681       0.819442189029488       0.180557778187957     
  0.479999989271164       0.813059628204400       0.186940339013045     
  0.489999989047647       0.806637013057426       0.193362978001877     
  0.499999988824129       0.800178253653321       0.199821737405982     
  0.509999988600612       0.793687355424275       0.206312635635028     
  0.519999988377094       0.787168228435043       0.212831738782402     
  0.529999988153577       0.780624878117813       0.219375160625207     
  0.539999987930059       0.774061023802474       0.225938943414970     
  0.549999987706542       0.767480670921216       0.232519224770654     
  0.559999987483025       0.760887777222511       0.239112189994934     
  0.569999987259507       0.754285918985097       0.245714048232347     
  0.579999987035990       0.747679053957448       0.252320913259997     
  0.589999986812472       0.741070949153169       0.258929161115425     
  0.599999986588955       0.734465228534717       0.265534834050161     
  0.609999986365438       0.727865563748264       0.272134379627323     
  0.619999986141920       0.721275721807416       0.278724221568170     
  0.629999985918403       0.714699469725780       0.285300497491665     
  0.639999985694885       0.708140097679795       0.291859845695791     
  0.649999985471368       0.701601324999352       0.298398594534376     
  0.659999985247850       0.695086775646907       0.304913239254255     
  0.669999985024333       0.688599596747750       0.311400322785978     
  0.679999984800816       0.682143602999204       0.317856459585673     
  0.689999984577298       0.675721750791695       0.324278216425750     
  0.699999984353781       0.669337664087678       0.330662326971625     
  0.709999984130263       0.662994490012444       0.337005501046859     
  0.719999983906746       0.656695518742435       0.343304424633152     
  0.729999983683228       0.650443802035507       0.349556141340079     
  0.739999983459711       0.644242582384386       0.355757360991200     
  0.749999983236194       0.638094816179496       0.361905151037949     
  0.759999983012676       0.632003412127546       0.367996578931757     
  0.769999982789159       0.625971469670109       0.374028497547336     
  0.779999982565641       0.620001611411595       0.379998379647708     
  0.789999982342124       0.614096841426147       0.385903173475015     
  0.799999982118607       0.608259639267022       0.391740327950423     
  0.809999981895089       0.602492722906064       0.397507244311381     
  0.819999981671572       0.596798810315114       0.403201204586047     
  0.829999981448054       0.591180047261417       0.408819872272311     
  0.839999981224537       0.585639199400532       0.414360767816913     
  0.849999981001019       0.580178269448552       0.419821650085176     
  0.859999980777502       0.574799832326171       0.425200182574990     
  0.869999980553985       0.569505700014616       0.430494314886545     
  0.879999980330467       0.564298065964849       0.435701853568879     
  0.889999980106950       0.559179123627828       0.440820986640766     
  0.899999979883432       0.554150398882484       0.445849616018677     
  0.909999979659915       0.549213894444911       0.450786025088817     
  0.919999979436398       0.544371279245187       0.455628592604825     
  0.929999979212880       0.539624412948257       0.460375554269188     
  0.939999978989363       0.534974392279601       0.465025527254127     
  0.949999978765845       0.530423029220447       0.469576937996997     
  0.959999978542328       0.525971420496276       0.474028546721168     
  0.969999978318810       0.521620948934867       0.478378970598861     
  0.979999978095293       0.517372758945417       0.482627208272028     
  0.989999977871776       0.513227851885972       0.486772115331473     
  0.999999977648258       0.509187229114580       0.490812690419148     
   1.00999997742474       0.505251748938139       0.494748218279305     
   1.01999997720122       0.501422221979830       0.498577792921331     
   1.02999997697771       0.497699315811683       0.502300651405761     
   1.03999997675419       0.494083507270865       0.505916507630296     
   1.04999997653067       0.490575368561974       0.509424503288038     
   1.05999997630715       0.487175281154741       0.512824638378987     
   1.06999997608364       0.483883769570049       0.516116293014829     
   1.07999997586012       0.480700595389315       0.519299324144413     
   1.08999997563660       0.477626235449705       0.522373684084023     
   1.09999997541308       0.474660499016352       0.525339420517376     
   1.10999997518957       0.471803386089256       0.528196438077039     
   1.11999997496605       0.469054801300985       0.530945118232744     
   1.12999997474253       0.466414553916671       0.533585460984490     
   1.13999997451901       0.463882071731717       0.536117943169444     
   1.14999997429550       0.461457068643824       0.538542850889904     
   1.15999997407198       0.459139067815826       0.540860804034185     
   1.16999997384846       0.456927449359409       0.543072517858036     
   1.17999997362494       0.454821593386256       0.545178516882338     
   1.18999997340143       0.452820641589472       0.547179516362839     
   1.19999997317791       0.450923735662158       0.549076279239003     
   1.20999997295439       0.449130064981134       0.550869997603744     
   1.21999997273088       0.447438532820918       0.552561386712810     
   1.22999997250736       0.445848280874614       0.554151734026547     
   1.23999997228384       0.444357878630726       0.555642040903003     
   1.24999997206032       0.442966467782355       0.557033547118806     
   1.25999997183681       0.441672474766857       0.558327540134304     
   1.26999997161329       0.440474707491319       0.559525212042409     
   1.27999997138977       0.439371687760527       0.560628327140634     
   1.28999997116625       0.438361937379270       0.561638077521891     
   1.29999997094274       0.437443930468618       0.562555989065110     
   1.30999997071922       0.436616141149642       0.563383873751519     
   1.31999997049570       0.435876805124831       0.564123162092613     
   1.32999997027218       0.435224253464106       0.564775666069622     
   1.33999997004867       0.434656721869956       0.565343293031205     
   1.34999996982515       0.434172398361152       0.565827616540009     
   1.35999996960163       0.433769327905317       0.566230686995844     
   1.36999996937811       0.433445746204939       0.566554125645073     
   1.37999996915460       0.433199602860206       0.566800412040955     
   1.38999996893108       0.433028895155026       0.566971072062419     
   1.39999996870756       0.432931572689586       0.567068489895291     
   1.40999996848404       0.432905442012927       0.567094525204517     
   1.41999996826053       0.432948595776388       0.567051371441057     
   1.42999996803701       0.433058602110425       0.566941317423304     
   1.43999996781349       0.433233553666376       0.566766413551068     
   1.44999996758997       0.433470923207267       0.566528948642745     
   1.45999996736646       0.433768660333286       0.566231259200443     
   1.46999996714294       0.434124380858606       0.565875586358839     
   1.47999996691942       0.434535795964834       0.565464123568894     
   1.48999996669590       0.435000521466144       0.564999493435018     
   1.49999996647239       0.435516173176708       0.564483746357020     
   1.50999996624887       0.436080462278134       0.563919457255594     
   1.51999996602535       0.436690956900879       0.563309105683999     
   1.52999996580184       0.437345225175399       0.562654885093195     
   1.53999996557832       0.438040739864718       0.561959275036443     
   1.54999996535480       0.438775212150443       0.561224802750719     
   1.55999996513128       0.439546019428164       0.560453804738131     
   1.56999996490777       0.440350968246921       0.559649046654240     
   1.57999996468425       0.441187388318589       0.558812531215139     
   1.58999996446073       0.442052800089908       0.557947024076388     
   1.59999996423721       0.442944914742483       0.557055052474961     
   1.60999996401370       0.443861014304474       0.556138952912971     
   1.61999996379018       0.444798857641203       0.555201157259958     
   1.62999996356666       0.445755869831977       0.554244192752900     
   1.63999996334314       0.446729523639821       0.553270443577624     
   1.64999996311963       0.447717530246340       0.552282436971105     
   1.65999996289611       0.448717410098276       0.551282557119169     
   1.66999996267259       0.449726683642368       0.550273283575077     
   1.67999996244907       0.450743014376506       0.549257048208371     
   1.68999996222556       0.451763827379999       0.548236092153729     
   1.69999996200204       0.452787024569318       0.547212894964410     
   1.70999996177852       0.453810031023771       0.546189936193674     
   1.71999996155500       0.454830653292397       0.545169313925047     
   1.72999996133149       0.455846507189371       0.544153460028074     
   1.73999996110797       0.456855399263731       0.543144615637431     
   1.74999996088445       0.457854849962217       0.542145069571511     
   1.75999996066093       0.458842856568737       0.541157158332425     
   1.76999996043742       0.459817034897462       0.540182932319983     
   1.77999996021390       0.460775334548583       0.539224632668862     
   1.78999995999038       0.461715609754854       0.538284405146307     
   1.79999995976686       0.462635714749034       0.537364300152127     
   1.80999995954335       0.463533503763877       0.536466415769851     
   1.81999995931983       0.464407069450722       0.535592850083006     
   1.82999995909631       0.465254409093475       0.534745605807686     
   1.83999995887280       0.466073424608609       0.533926590292552     
   1.84999995864928       0.466862304014896       0.533137710886265     
   1.85999995842576       0.467619139963674       0.532380779570055     
   1.86999995820224       0.468342072789998       0.531657894427447     
   1.87999995797873       0.469029290512641       0.530970676704804     
   1.88999995775521       0.469679171885240       0.530320843015922     
   1.89999995753169       0.470289809559134       0.529710109974594     
   1.90999995730817       0.470859629971677       0.529140384929484     
   1.91999995708466       0.471387011876509       0.528612907657219     
   1.92999995686114       0.471870334027265       0.528129633190179     
   1.93999995663762       0.472308261279885       0.527691753621276     
   1.94999995641410       0.472699077020572       0.527300842513156     
   1.95999995619059       0.473041446105263       0.526958473428465     
   1.96999995596707       0.473334033389897       0.526665981511265     
   1.97999995574355       0.473575456046692       0.526424558854469     
   1.98999995552003       0.473764426615304       0.526235588285857     
   1.99999995529652       0.473899657635386       0.526100261898343     
   2.00999995507300       0.473980147748890       0.526019676417405     
   2.01999995484948       0.474004752546620       0.525995262354542     
   2.02999995462596       0.473972089200796       0.526027878016649     
   2.03999995440245       0.473881537823104       0.526118477078057     
   2.04999995417893       0.473731810953197       0.526268156264248     
   2.05999995395541       0.473522193335327       0.526477726198401     
   2.06999995373189       0.473251826662597       0.526748140554847     
   2.07999995350838       0.472919757260676       0.527080257640485     
   2.08999995328486       0.472525222190100       0.527474697343628     
   2.09999995306134       0.472067649246270       0.527932365654891     
   2.10999995283782       0.471546275489722       0.528453691727723     
   2.11999995261431       0.470960528715857       0.529039581552738     
   2.12999995239079       0.470309836720077       0.529690130497368     
   2.13999995216727       0.469593722665216       0.530406244552228     
   2.14999995194376       0.468811709714110       0.531188257503334     
   2.15999995172024       0.467963511764459       0.532036407769269     
   2.16999995149672       0.467048795030248       0.532951172187197     
   2.17999995127320       0.466067130358027       0.533932884543134     
   2.18999995104969       0.465018231645498       0.534981735571947     
   2.19999995082617       0.463902098892660       0.536097820641068     
   2.20999995060265       0.462718589048364       0.537281425852797     
   2.21999995037913       0.461467511377744       0.538532455839700     
   2.22999995015562       0.460148913564517       0.539851053652928     
   2.23999994993210       0.458762747924965       0.541237171608763     
   2.24999994970858       0.457309205193955       0.542690762023490     
   2.25999994948506       0.455788428422636       0.544211586478525     
   2.26999994926155       0.454200512978442       0.545799454239003     
   2.27999994903803       0.452545649596239       0.547454365304922     
   2.28999994881451       0.450824172062042       0.549175747471686     
   2.29999994859099       0.449036414161867       0.550963505371861     
   2.30999994836748       0.447182852732880       0.552817257535715     
   2.31999994814396       0.445263773877379       0.554736241023782     
   2.32999994792044       0.443279654432530       0.556720265101198     
   2.33999994769692       0.441231161970364       0.558768757563364     
   2.34999994747341       0.439118773328047       0.560881193889397     
   2.35999994724989       0.436943156077611       0.563056763456117     
   2.36999994702637       0.434705073158518       0.565294894058926     
   2.37999994680285       0.432405001407936       0.567594822758359     
   2.38999994657934       0.430044085235060       0.569955929666101     
   2.39999994635582       0.427622801477057       0.572377213424105     
   2.40999994613230       0.425142246859405       0.574857815725473     
   2.41999994590878       0.422603232005287       0.577396782895875     
   2.42999994568527       0.420006758272748       0.579993208944696     
   2.43999994546175       0.417353731652405       0.582646187881323     
   2.44999994523823       0.414645391920885       0.585354622980276     
   2.45999994501472       0.411882692752521       0.588117179097491     
   2.46999994479120       0.409066969291374       0.590932997926071     
   2.47999994456768       0.406199175211775       0.593800744321953     
   2.48999994434416       0.403280741025220       0.596719273875941     
   2.49999994412065       0.400312811140907       0.599687203760254     
   2.50999994389713       0.397296720702897       0.602703198830831     
   2.51999994367361       0.394233924064546       0.605766114678474     
   2.52999994345009       0.391125780211773       0.608874234689388     
   2.53999994322658       0.387973648130501       0.612026319086944     
   2.54999994300306       0.384779172908949       0.615220746624779     
   2.55999994277954       0.381543737374898       0.618456277526263     
   2.56999994255602       0.378268915090992       0.621731004442736     
   2.57999994233251       0.374956374987310       0.625043592230135     
   2.58999994210899       0.371607714468356       0.628392228907231     
   2.59999994188547       0.368224626306066       0.631775340911378     
   2.60999994166195       0.364808731746804       0.635191163945066     
   2.61999994143844       0.361361842771796       0.638638029078216     
   2.62999994121492       0.357885723678555       0.642114219697032     
   2.63999994099140       0.354382138764592       0.645617780769136     
   2.64999994076788       0.350852923852994       0.649146947997018     
   2.65999994054437       0.347299962450563       0.652700004766881     
   2.66999994032085       0.343725114222245       0.656274852995200     
   2.67999994009733       0.340130238832984       0.659869633017028     
   2.68999993987381       0.336517410524449       0.663482580534854     
   2.69999993965030       0.332888417436010       0.667111406730285     
   2.70999993942678       0.329245381493052       0.670754633408109     
   2.71999993920326       0.325590281569813       0.674409781015065     
   2.72999993897974       0.321924929647519       0.678075132937359     
   2.73999993875623       0.318251614544565       0.681748257305447     
   2.74999993853271       0.314572243609611       0.685427628240401     
   2.75999993830919       0.310889034135476       0.689110956923827     
   2.76999993808568       0.307203893470822       0.692796002221048     
   2.77999993786216       0.303518991224751       0.696480952150836     
   2.78999993763864       0.299836497006364       0.700163422527364     
   2.79999993741512       0.296158342006182       0.703841601369405     
   2.80999993719161       0.292486743517022       0.707513247542281     
   2.81999993696809       0.288823894989847       0.711176119911315     
   2.82999993674457       0.285171846824465       0.714828120392980     
   2.83999993652105       0.281532649420688       0.718467293954898     
   2.84999993629754       0.277908496229477       0.722091399462393     
   2.85999993607402       0.274301580701792       0.725698481883086     
   2.86999993585050       0.270713953237443       0.729285918612568     
   2.87999993562698       0.267147783445534       0.732852183771911     
   2.88999993540347       0.263605169409590       0.736394797807854     
   2.89999993517995       0.260088256896857       0.739911758004304     
   2.90999993495643       0.256599048623428       0.743400966277733     
   2.91999993473291       0.253139738040264       0.746860229177180     
   2.92999993450940       0.249712375547176       0.750287543986552     
   2.93999993428588       0.246319106911407       0.753680907989754     
   2.94999993406236       0.242961934849053       0.757038032368392     
   2.95999993383884       0.239642957443639       0.760356914406373     
   2.96999993361533       0.236364225094977       0.763635789806184     
   2.97999993339181       0.233127740519162       0.766872226698283     
   2.98999993316829       0.229935530274146       0.770064460785157     
   2.99999993294477       0.226789668601597       0.773210298615847     
   3.00999993272126       0.223692039008320       0.776307832841692     
   3.01999993249774       0.220644739577841       0.779355156114029     
   3.02999993227422       0.217649653816963       0.782350361084198     
   3.03999993205070       0.214708760599922       0.785291206617522     
   3.04999993182719       0.211823919591664       0.788175976100206     
   3.05999993160367       0.208997061982707       0.791002857551021     
   3.06999993138015       0.206230166647288       0.793769848253874     
   3.07999993115664       0.203524926357343       0.796475040860102     
   3.08999993093312       0.200883272303392       0.799116671072195     
   3.09999993070960       0.198306992624804       0.801692974592640     
   3.10999993048608       0.195797803935376       0.804202091756494     
   3.11999993026257       0.193357470532618       0.806642544368543     
   3.12999993003905       0.190987732872184       0.809012234345261     
   3.13999992981553       0.188690128753932       0.811309921910016     
   3.14999992959201       0.186466398633516       0.813533604346716     
   3.15999992936850       0.184318044548005       0.815681851143864     
   3.16999992914498       0.182246628139118       0.817753422524831     
   3.17999992892146       0.180253508392774       0.819746601875821     
   3.18999992869794       0.178340175425115       0.821659767950472     
   3.19999992847443       0.176507952459275       0.823492062441886     
   3.20999992825091       0.174758043509097       0.825241864103702     
   3.21999992802739       0.173091747955855       0.826908219261590     
   3.22999992780387       0.171510114841314       0.828489888138918     
   3.23999992758036       0.170014240890954       0.829985821693924     
   3.24999992735684       0.168605055937246       0.831394970884844     
   3.25999992713332       0.167283454049877       0.832716382037347     
   3.26999992690980       0.166050269693885       0.833949673681701     
   3.27999992668629       0.164906194283160       0.835093892143576     
   3.28999992646277       0.163851835785088       0.836148083748640     
   3.29999992623925       0.162887766404268       0.837112248496894     
   3.30999992601573       0.162014403373218       0.837985432714007     
   3.31999992579222       0.161232140082600       0.838767827134845     
   3.32999992556870       0.160541274555642       0.839458668819944     
   3.33999992534518       0.159941949843495       0.840057957769304     
   3.34999992512167       0.159434297076379       0.840565598615491     
   3.35999992489815       0.159018375858938       0.840981591358506     
   3.36999992467463       0.158694078902812       0.841305745263483     
   3.37999992445111       0.158461310840567       0.841538632535020     
   3.38999992422760       0.158319833253620       0.841680157805683     
   3.39999992400408       0.158269383881530       0.841730607177773     
   3.40999992378056       0.158309700463857       0.841690362121021     
   3.41999992355704       0.158440282321576       0.841559708737726     
   3.42999992333353       0.158660676459382       0.841339219232488     
   3.43999992311001       0.158970394119179       0.841029561177336     
   3.44999992288649       0.159368791570794       0.840631306776871     
   3.45999992266297       0.159855272767771       0.840144742133390     
   3.46999992243946       0.160429134375291       0.839570820921224     
   3.47999992221594       0.161089649216676       0.838910306079839     
   3.48999992199242       0.161835982826888       0.838163769813832     
   3.49999992176890       0.162667396108320       0.837332547267266     
   3.50999992154539       0.163582947307571       0.836416924542441     
   3.51999992132187       0.164581754275885       0.835418236783418     
   3.52999992109835       0.165662815655214       0.834337246929664     
   3.53999992087483       0.166825189692157       0.833174813288075     
   3.54999992065132       0.168067886949597       0.831932080267848     
   3.55999992042780       0.169389774939265       0.830610096910746     
   3.56999992020428       0.170789804619399       0.829210102993400     
   3.57999991998076       0.172266879264517       0.827733242925007     
   3.58999991975725       0.173819806781706       0.826180184277597     
   3.59999991953373       0.175447418919912       0.824552548297532     
   3.60999991931021       0.177148487823434       0.822851384026578     
   3.61999991908669       0.178921821399358       0.821078121976228     
   3.62999991886318       0.180766096424551       0.819233906555681     
   3.63999991863966       0.182680061201454       0.817319882174132     
   3.64999991841614       0.184662416348791       0.815337574710512     
   3.65999991819263       0.186711814801571       0.813288223941449     
   3.66999991796911       0.188826826048297       0.811173165011006     
   3.67999991774559       0.191006138786765       0.808993828430680     
   3.68999991752207       0.193248274821762       0.806751835446832     
   3.69999991729856       0.195551839404581       0.804448139733793     
   3.70999991707504       0.197915390102795       0.802084648640225     
   3.71999991685152       0.200337412958405       0.799662554259040     
   3.72999991662800       0.202816394013411       0.797183525520317     
   3.73999991640449       0.205350878914459       0.794649040619269     
   3.74999991618097       0.207939246415187       0.792060768485975     
   3.75999991595745       0.210579994478524       0.789420044264496     
   3.76999991573393       0.213271525699966       0.786728489201195     
   3.77999991551042       0.216012242675010       0.783987676858718     
   3.78999991528690       0.218800547999152       0.781199466902009     
   3.79999991506338       0.221634772742313       0.778365146791415     
   3.80999991483986       0.224513295658131       0.775486576191881     
   3.81999991461635       0.227434543183961       0.772565424033484     
   3.82999991439283       0.230396655654857       0.769603263878871     
   3.83999991416931       0.233398107191892       0.766601860025553     
   3.84999991394579       0.236437181181270       0.763562786036175     
   3.85999991372228       0.239512161009195       0.760487949259399     
   3.86999991349876       0.242621330061873       0.757378637155572     
   3.87999991327524       0.245762971725508       0.754236995491937     
   3.88999991305172       0.248935440911881       0.751064454779989     
   3.89999991282821       0.252136997165337       0.747862970052108     
   3.90999991260469       0.255365852346507       0.744634114870937     
   3.91999991238117       0.258620409050888       0.741379558166557     
   3.92999991215765       0.261898855297250       0.738101111920194     
   3.93999991193414       0.265199569839233       0.734800349694495     
   3.94999991171062       0.268520931430473       0.731478988103255     
   3.95999991148710       0.271861128089743       0.728138982178852     
   3.96999991126359       0.275218586254397       0.724781333279331     
   3.97999991104007       0.278591708519931       0.721408377906805     
   3.98999991081655       0.281978802114409       0.718021117419319     
   3.99999991059303       0.285378317317043       0.714621649900401     
   4.00999991036952       0.288788704407047       0.711211405861548     
   4.01999991014600       0.292208437505490       0.707791625079388     
   4.02999990992248       0.295636038417161       0.704363928800284     
   4.03999990969896       0.299069957421272       0.700929890586881     
   4.04999990947545       0.302508930899336       0.697491084001825     
   4.05999990925193       0.305951456814281       0.694048510403164     
   4.06999990902841       0.309396176180186       0.690603743353542     
   4.07999990880489       0.312841825378564       0.687158213364455     
   4.08999990858138       0.316287212316501       0.683712778742802     
   4.09999990835786       0.319731001849934       0.680269013051227     
   4.10999990813434       0.323172144937100       0.676827726912911     
   4.11999990791082       0.326609425643227       0.673390493890501     
   4.12999990768731       0.330041914135842       0.669958076923461     
   4.13999990746379       0.333468394480175       0.666531572737270     
   4.14999990724027       0.336888079894901       0.663111887322543     
   4.15999990701675       0.340299945180117       0.659700117404761     
   4.16999990679324       0.343703084345208       0.656296835188520     
   4.17999990656972       0.347096639083276       0.652903328134169     
   4.18999990634620       0.350479846454856       0.649520073078872     
   4.19999990612268       0.353851871994911       0.646148023696959     
   4.20999990589917       0.357212071973265       0.642787847560463     
   4.21999990567565       0.360559588083023       0.639440355292564     
   4.22999990545213       0.363893752752151       0.636106166781577     
   4.23999990522861       0.367213922250478       0.632786092650683     
   4.24999990500510       0.370519405164114       0.629480657420764     
   4.25999990478158       0.373809533921026       0.626190480980135     
   4.26999990455806       0.377083640949184       0.622916421635693     
   4.27999990433455       0.380340963309123       0.619658956224605     
   4.28999990411103       0.383580976479962       0.616419038421199     
   4.29999990388751       0.386802941364094       0.613196954327776     
   4.30999990366399       0.390006071180196       0.609993896037249     
   4.31999990344048       0.393189769881811       0.606810149651917     
   4.32999990321696       0.396353226845759       0.603646764213543     
   4.33999990299344       0.399495512239568       0.600504502661593     
   4.34999990276992       0.402616030016780       0.597383984884381     
   4.35999990254641       0.405713707293774       0.594286212239954     
   4.36999990232289       0.408787828814802       0.591212138402643     
   4.37999990209937       0.411837345538100       0.588162621679345     
   4.38999990187585       0.414861303789337       0.585138663428108     
   4.39999990165234       0.417858702210467       0.582141312690695     
   4.40999990142882       0.420828444076008       0.579171570825153     
   4.41999990120530       0.423769623395348       0.576230391505813     
   4.42999990098178       0.426680857340706       0.573319062193022     
   4.43999990075827       0.429561192237752       0.570438679612259     
   4.44999990053475       0.432409579044723       0.567590483540155     
   4.45999990031123       0.435224539566406       0.564775379967323     
   4.46999990008771       0.438005072444753       0.561994894772692     
   4.47999989986420       0.440750033270568       0.559249981630593     
   4.48999989964068       0.443458086899788       0.556541832633940     
   4.49999989941716       0.446128184290650       0.553871782926795     
   4.50999989919364       0.448759085666524       0.551240833867205     
   4.51999989897013       0.451349741985645       0.548650129864367     
   4.52999989874661       0.453899056522534       0.546100910694911     
   4.53999989852309       0.456405884867994       0.543594082349451     
   4.54999989829957       0.458869273347695       0.541130836920900     
   4.55999989807606       0.461287982185006       0.538711985032439     
   4.56999989785254       0.463661391491613       0.536338623409549     
   4.57999989762902       0.465988452225751       0.534011562675410     
   4.58999989740551       0.468268353764241       0.531731613453204     
   4.59999989718199       0.470500285483901       0.529499681733544     
   4.60999989695847       0.472683627496416       0.527316387404746     
   4.61999989673495       0.474817664546038       0.525182254987691     
   4.62999989651144       0.476901633693302       0.523098285840426     
   4.63999989628792       0.478935344203343       0.521064670697818     
   4.64999989606440       0.480917937769263       0.519082077131898     
   4.65999989584088       0.482849128288763       0.517150791244966     
   4.66999989561737       0.484728629659543       0.515271385241618     
   4.67999989539385       0.486555965044438       0.513444049856723     
   4.68999989517033       0.488331039076016       0.511669023508862     
   4.69999989494681       0.490053422600827       0.509946496932901     
   4.70999989472330       0.491723163302588       0.508276851598573     
   4.71999989449978       0.493339927395283       0.506660039822162     
   4.72999989427626       0.494903762562629       0.505096156971099     
   4.73999989405274       0.496414668804626       0.503585346096536     
   4.74999989382923       0.497872550753840       0.502127464147321     
   4.75999989360571       0.499277551461422       0.500722415756023     
   4.76999989338219       0.500629718611087       0.499370296290074     
   4.77999989315867       0.501929195253986       0.498070724279742     
   4.78999989293516       0.503176219808701       0.496823699725027     
   4.79999989271164       0.504371126061248       0.495629031891063     
   4.80999989248812       0.505513770960476       0.494486148573252     
   4.81999989226460       0.506604965129569       0.493395097455309     
   4.82999989204109       0.507644803935957       0.492355163281488     
   4.83999989181757       0.508633716533090       0.491366298368071     
   4.84999989159405       0.509572227441851       0.490427787459311     
   4.85999989137053       0.510460670448253       0.489539201401758     
   4.86999989114702       0.511299808491763       0.488700158725681     
   4.87999989092350       0.512090023042113       0.487909944175332     
   4.88999989069998       0.512831933987616       0.487168033229828     
   4.89999989047647       0.513526304267739       0.486473758317139     
   4.90999989025295       0.514173801454511       0.485826213446650     
   4.91999989002943       0.514774997752532       0.485225017148629     
   4.92999988980591       0.515330894519849       0.484668977330163     
   4.93999988958240       0.515842350063359       0.484157664837802     
   4.94999988935888       0.516310031955094       0.483689982946068     
   4.95999988913536       0.516734846185667       0.483265121031778     
   4.96999988891184       0.517117889480559       0.482882125420602     
   4.97999988868833       0.517460115514101       0.482539851703343     
   4.98999988846481       0.517762382593190       0.482237536940538     
   4.99999988824129       0.518025978178173       0.481973989039272     
   5.00999988801777       0.518251808259663       0.481748158957782     
   5.01999988779426       0.518441017246857       0.481558902286871     
   5.02999988757074       0.518594844916386       0.481405074617342     
   5.03999988734722       0.518714435677445       0.481285483856283     
   5.04999988712370       0.518800886255516       0.481198985594496     
   5.05999988690019       0.518855579478377       0.481144340055351     
   5.06999988667667       0.518879802806374       0.481120212094787     
   5.07999988645315       0.518874652964989       0.481125266568739     
   5.08999988622963       0.518841655833150       0.481158359068012     
   5.09999988600612       0.518782051187486       0.481217916029959     
   5.10999988578260       0.518697174172061       0.481302840729100     
   5.11999988555908       0.518588455298371       0.481411559602790     
   5.12999988533556       0.518457134343045       0.481542785190683     
   5.13999988511205       0.518304784868729       0.481695230032432     
   5.14999988488853       0.518132694335769       0.481867320565392     
   5.15999988466501       0.517942388623094       0.482057578594350     
   5.16999988444149       0.517735155191051       0.482264764342677     
   5.17999988421798       0.517512519918569       0.482487304247726     
   5.18999988399446       0.517276008684576       0.482724006216586     
   5.19999988377094       0.517026765898269       0.482973105951743     
   5.20999988354743       0.516766555857160       0.483233363676568     
   5.21999988332391       0.516496618337879       0.483503348879566     
   5.22999988310039       0.516218383851921       0.483781487998090     
   5.23999988287687       0.515933425961933       0.484066541255512     
   5.24999988265336       0.515643079811976       0.484357030456618     
   5.25999988242984       0.515348632862398       0.484651334355046     
   5.26999988220632       0.515051563308411       0.484948356225317     
   5.27999988198280       0.514753349345227       0.485246665555934     
   5.28999988175929       0.514455183065760       0.485544688784252     
   5.29999988153577       0.514158542665221       0.485841376868507     
   5.30999988131225       0.513864715603958       0.486135203929770     
   5.31999988108873       0.513574989342317       0.486424930191411     
   5.32999988086522       0.513290699024360       0.486709172825652     
   5.33999988064170       0.513013084426717       0.486986930474444     
   5.34999988041818       0.512743337642302       0.487256581891426     
   5.35999988019466       0.512482841498894       0.487517173402267     
   5.36999987997115       0.512232501987107       0.487767512914054     
   5.37999987974763       0.511993654251004       0.488006217599008     
   5.38999987952411       0.511767490383498       0.488232429150230     
   5.39999987930059       0.511555011742637       0.488445003158525     
   5.40999987907708       0.511357267370183       0.488642699847261     
   5.41999987885356       0.511175353991618       0.488824565542110     
   5.42999987863004       0.511010272964988       0.488989646568740     
   5.43999987840652       0.510862930280908       0.489137084620253     
   5.44999987818301       0.510734374981141       0.489265639920021     
   5.45999987795949       0.510625370005151       0.489374549528577     
   5.46999987773597       0.510536869027270       0.489463050506458     
   5.47999987751245       0.510469730354394       0.489530236863050     
   5.48999987728894       0.510424716925989       0.489575297975172     
   5.49999987706542       0.510402496314086       0.489597423219642     
   5.50999987684190       0.510403879141865       0.489596088075579     
   5.51999987661839       0.510429485297642       0.489570338868653     
   5.52999987639487       0.510480125404598       0.489519794129130     
   5.53999987617135       0.510556323983614       0.489443595550114     
   5.54999987594783       0.510658557871857       0.489341409345588     
   5.55999987572432       0.510787494641356       0.489212520259805     
   5.56999987550080       0.510943515761845       0.489056403771883     
   5.57999987527728       0.511127193437922       0.488872773779523     
   5.58999987505376       0.511338909139319       0.488661105761842     
   5.59999987483025       0.511578948968335       0.488421018249110     
   5.60999987460673       0.511847885129569       0.488152129771592     
   5.61999987438321       0.512145908357887       0.487854106543274     
   5.62999987415969       0.512473304755588       0.487526710145573     
   5.63999987393618       0.512830217373821       0.487169702159907     
   5.64999987371266       0.513217075366036       0.486782844167692     
   5.65999987348914       0.513634021783382       0.486365993117779     
   5.66999987326562       0.514081104309575       0.485918862907869     
   5.67999987304211       0.514558370628333       0.485441548905396     
   5.68999987281859       0.515066249893103       0.484933765008059     
   5.69999987259507       0.515604408317870       0.484395558899575     
   5.70999987237155       0.516173084321217       0.483826882896228     
   5.71999987214804       0.516772182535711       0.483227784681734     
   5.72999987192452       0.517401750645067       0.482598216572377     
   5.73999987170100       0.518061597914421       0.481938273935590     
   5.74999987147748       0.518751915078639       0.481248004455090     
   5.75999987125397       0.519472272984270       0.480527598865741     
   5.76999987103045       0.520222862366182       0.479777152534979     
   5.77999987080693       0.521003063336060       0.478996903881384     
   5.78999987058342       0.521813161996203       0.478186805221242     
   5.79999987035990       0.522652633825729       0.477347190340566     
   5.80999987013638       0.523521526508354       0.476478488392807     
   5.81999986991286       0.524419315523197       0.475580556326815     
   5.82999986968935       0.525346000870258       0.474654014030904     
   5.83999986946583       0.526301201079804       0.473698766137641     
   5.84999986924231       0.527284439314670       0.472715432535342     
   5.85999986901879       0.528295715574856       0.471704108591439     
   5.86999986879528       0.529334600706914       0.470665366510531     
   5.87999986857176       0.530400617873678       0.469599253976334     
   5.88999986834824       0.531493671707715       0.468506295509730     
   5.89999986812472       0.532613190004426       0.467386729529302     
   5.90999986790121       0.533758934345229       0.466240985188499     
   5.91999986767769       0.534930523260392       0.465069491640769     
   5.92999986745417       0.536127575280183       0.463872487304695     
   5.93999986723065       0.537349518200003       0.462650496701158     
   5.94999986700714       0.538596113601269       0.461403853616176     
   5.95999986678362       0.539867075381682       0.460132939519479     
   5.96999986656010       0.541161735969212       0.458838135880800     
   5.97999986633658       0.542480095363857       0.457519871853588     
   5.98999986611307       0.543821438309870       0.456178576591292     
   5.99999986588955       0.545185383337518       0.454814536196210     
   6.00999986566603       0.546571548977070       0.453428370556658     
   6.01999986544251       0.547979649126226       0.452020318091218     
   6.02999986521900       0.549409206947821       0.450590712585907     
   6.03999986499548       0.550859888655840       0.449140173929038     
   6.04999986477196       0.552331074361966       0.447668845171762     
   6.05999986454844       0.553822716382484       0.446177250834960     
   6.06999986432493       0.555334147145363       0.444665820072082     
   6.07999986410141       0.556865175915735       0.443134791301709     
   6.08999986387789       0.558415373540154       0.441584641361008     
   6.09999986365438       0.559984215497735       0.440015704035993     
   6.10999986343086       0.561571606421047       0.438428408480114     
   6.11999986320734       0.563177069472925       0.436823040795669     
   6.12999986298382       0.564800127816202       0.435199744033810     
   6.13999986276031       0.566440686083446       0.433559328817715     
   6.14999986253679       0.568098267437492       0.431901652096236     
   6.15999986231327       0.569772633459756       0.430227286073972     
   6.16999986208975       0.571463450364224       0.428536612220654     
   6.17999986186624       0.573170288997446       0.426829678219999     
   6.18999986164272       0.574893053991989       0.425107008592889     
   6.19999986141920       0.576631363878121       0.423368651023040     
   6.20999986119568       0.578384884869827       0.421615082347618     
   6.21999986097217       0.580153473915956       0.419846445617772     
   6.22999986074865       0.581936940281643       0.418062979252085     
   6.23999986052513       0.583735093232022       0.416265017036572     
   6.24999986030161       0.585547360562494       0.414452558971234     
   6.25999986007810       0.587373933007925       0.412625986525804     
   6.26999985985458       0.589214524466016       0.410785395067712     
   6.27999985963106       0.591068944201901       0.408931070699261     
   6.28999985940754       0.592937001480713       0.407063013420448     
   6.29999985918403       0.594818553251304       0.405181413966140     
   6.30999985896051       0.596713742564823       0.403286272336338     
   6.31999985873699       0.598622187951538       0.401377779265907     
   6.32999985851347       0.600543889411448       0.399456030122280     
   6.33999985828996       0.602478989995703       0.397521024905458     
   6.34999985806644       0.604427155918287       0.395572763615441     
   6.35999985784292       0.606388673281501       0.393611341619660     
   6.36999985761940       0.608363351350476       0.391636592025110     
   6.37999985739589       0.610351380860081       0.389648634041080     
   6.38999985717237       0.612352666442881       0.387647276932706     
   6.39999985694885       0.614367351150026       0.385632592225560     
   6.40999985672534       0.616395578032666       0.383604293817346     
   6.41999985650182       0.618437585509383       0.381562429391778     
   6.42999985627830       0.620493135161595       0.379506784372133     
   6.43999985605478       0.622562703826468       0.377437263390977     
   6.44999985583127       0.624646339187716       0.375353723397161     
   6.45999985560775       0.626744184296491       0.373255830604670     
   6.46999985538423       0.628856334520226       0.371143680380936     
   6.47999985516071       0.630983075961218       0.369016795888793     
   6.48999985493720       0.633124694721769       0.366875177128243     
   6.49999985471368       0.635281238485593       0.364718728731852     
   6.50999985449016       0.637452993354991       0.362546973862454     
   6.51999985426664       0.639640007013679       0.360359984045624     
   6.52999985404313       0.641842470196522       0.358157473179064     
   6.53999985381961       0.644060621322105       0.355939298211624     
   6.54999985359609       0.646294794176441       0.353705244566578     
   6.55999985337257       0.648544798024666       0.351455216876495     
   6.56999985314906       0.650810918969079       0.349189072090224     
   6.57999985292554       0.653093347744544       0.346906643314759     
   6.58999985270202       0.655392084351064       0.344607835182664     
   6.59999985247850       0.657707414890936       0.342292600010225     
   6.60999985225499       0.660039053261862       0.339960818588150     
   6.61999985203147       0.662387428617290       0.337612467074580     
   6.62999985180795       0.664752493273504       0.335247473943941     
   6.63999985158443       0.667134104179354       0.332865839196232     
   6.64999985136092       0.669532404385990       0.330467538989597     
   6.65999985113740       0.671947298525978       0.328052668691466     
   6.66999985091388       0.674378786599320       0.325621275985558     
   6.67999985069036       0.676826487136282       0.323173337030013     
   6.68999985046685       0.679291020025179       0.320708994875982     
   6.69999985024333       0.681771670010264       0.318228392574614     
   6.70999985001981       0.684268389407819       0.315731601651484     
   6.71999984979630       0.686781178217846       0.313218884367032     
   6.72999984957278       0.689309750338044       0.310690312246834     
   6.73999984934926       0.691853915033548       0.308146123709472     
   6.74999984912574       0.694413386202058       0.305586628699103     
   6.75999984890223       0.696987925424992       0.303012041792453     
   6.76999984867871       0.699577389651200       0.300422625249961     
   6.77999984845519       0.702181302043517       0.297818665173928     
   6.78999984823167       0.704799376499643       0.295200543034085     
   6.79999984800816       0.707431422284714       0.292568616458306     
   6.80999984778464       0.710076581091830       0.289923290758182     
   6.81999984756112       0.712734995972141       0.287265018929020     
   6.82999984733760       0.715405760935035       0.284594253966127     
   6.83999984711409       0.718088542194494       0.281911425022951     
   6.84999984689057       0.720782958280786       0.279217056620375     
   6.85999984666705       0.723488246254448       0.276511744804855     
   6.86999984644353       0.726203929278313       0.273796085622848     
   6.87999984622002       0.728929292096634       0.271070627437094     
   6.88999984599650       0.731663762504812       0.268336061661483     
   6.89999984577298       0.734406959033116       0.265593008184329     
   6.90999984554946       0.737157641904915       0.262842253786955     
   6.91999984532595       0.739915572701626       0.260084537566968     
   6.92999984510243       0.742679320911755       0.257320503254540     
   6.93999984487891       0.745448886535300       0.254551104524003     
   6.94999984465539       0.748222839060766       0.251777128156679     
   6.95999984443188       0.751000653967271       0.248999384775749     
   6.96999984420836       0.753781043794469       0.246218875739260     
   6.97999984398484       0.756563579388910       0.243436435512251     
   6.98999984376132       0.759347020973966       0.240653041610912     
   6.99999984353781       0.762130319507872       0.237869647709573     
   7.00999984331429       0.764912664367447       0.235087255166281     
   7.01999984309077       0.767692958827212       0.232306960706516     
   7.02999984286726       0.770470249212835       0.229529718004610     
   7.03999984264374       0.773243343431403       0.226756671469758     
   7.04999984242022       0.776011001706287       0.223988870143724     
   7.05999984219670       0.778772556465455       0.221227458435706     
   7.06999984197319       0.781526577197411       0.218473485387467     
   7.07999984174967       0.784271824125526       0.215728166933777     
   7.08999984152615       0.787007486626617       0.212992599800119     
   7.09999984130263       0.789732086505474       0.210267976079404     
   7.10999984107912       0.792444527036615       0.207555392497113     
   7.11999984085560       0.795143616127127       0.204856208039168     
   7.12999984063208       0.797828447786397       0.202171495589189     
   7.13999984040856       0.800497543819212       0.199502423398233     
   7.14999984018505       0.803149807500091       0.196850207401070     
   7.15999983996153       0.805783856001256       0.194216075453402     
   7.16999983973801       0.808398831015808       0.191601171964424     
   7.17999983951449       0.810993111297385       0.189006712868910     
   7.18999983929098       0.813566124641390       0.186433854496983     
   7.19999983906746       0.816116154434027       0.183883812783417     
   7.20999983884394       0.818642247000966       0.181357791742053     
   7.21999983862042       0.821143162565576       0.178856900019301     
   7.22999983839691       0.823617756718662       0.176382377391791     
   7.23999983817339       0.826064694316159       0.173935296743144     
   7.24999983794987       0.828483117051171       0.171516850166274     
   7.25999983772635       0.830871785147067       0.169128122465732     
   7.26999983750284       0.833229458827219       0.166770317655359     
   7.27999983727932       0.835555470519594       0.164444520539709     
   7.28999983705580       0.837848103610398       0.162151863607047     
   7.29999983683228       0.840106690527598       0.159893395899138     
   7.30999983660877       0.842329705392267       0.157670285667036     
   7.31999983638525       0.844516385264939       0.155483617715293     
   7.32999983616173       0.846665395001551       0.153334453006602     
   7.33999983593822       0.848775971662640       0.151223971712946     
   7.34999983571470       0.850846875471575       0.149153187113303     
   7.35999983549118       0.852876771284294       0.147123255537797     
   7.36999983526766       0.854864705426465       0.145135285632838     
   7.37999983504415       0.856809628856325       0.143190338361119     
   7.38999983482063       0.858710301797245       0.141289641578341     
   7.39999983459711       0.860565579840028       0.139434268168126     
   7.40999983437359       0.862374413942909       0.137625445986173     
   7.41999983415008       0.864135755064126       0.135864319441681     
   7.42999983392656       0.865847791222450       0.134152092548491     
   7.43999983370304       0.867509950213282       0.132490017004162     
   7.44999983347952       0.869120515422829       0.130879356427183     
   7.45999983325601       0.870678533176758       0.129321410198829     
   7.46999983303249       0.872182477596141       0.127817513463162     
   7.47999983280897       0.873630918169482       0.126368929838671     
   7.48999983258545       0.875022805855018       0.124977161362427     
   7.49999983236194       0.876356328671520       0.123643543178492     
   7.50999983213842       0.877630342209791       0.122369529640221     
   7.51999983191490       0.878843320590903       0.121156670468400     
   7.52999983169138       0.879993547201060       0.120006372332668     
   7.53999983146787       0.881079686896200       0.118920208795670     
   7.54999983124435       0.882100499899693       0.117899729578193     
   7.55999983102083       0.883053602025711       0.116946436717308     
   7.56999983079731       0.883937848865060       0.116061999143094     
   7.57999983057380       0.884751905273674       0.115247918892621     
   7.58999983035028       0.885494340740060       0.114505781449464     
   7.59999983012676       0.886162675710956       0.113837196139055     
   7.60999982990324       0.886756242614332       0.113243700761254     
   7.61999982967973       0.887273134101527       0.112726821194989     
   7.62999982945621       0.887711919661044       0.112288071398259     
   7.63999982923269       0.888071073413954       0.111928869961632     
   7.64999982900918       0.888349355583628       0.111650659317533     
   7.65999982878566       0.888545240291137       0.111454798451883     
   7.66999982856214       0.888657297024984       0.111342562904098     
   7.67999982833862       0.888684858213139       0.111315180529880     
   7.68999982811511       0.888626302609239       0.111373783817497     
   7.69999982789159       0.888480581171521       0.111519433729640     
   7.70999982766807       0.888246930960520       0.111753060098783     
   7.71999982744455       0.887924493669338       0.112075556994610     
   7.72999982722104       0.887512410991079       0.112487627751941     
   7.73999982699752       0.887009729251410       0.112989975705593     
   7.74999982677400       0.886416829920066       0.113583101534592     
   7.75999982655048       0.885732663955281       0.114267398629597     
   7.76999982632697       0.884956659152458       0.115043224618483     
   7.77999982610345       0.884089196981328       0.115910746394258     
   7.78999982587993       0.883129895972161       0.116870047403426     
   7.79999982565641       0.882078946859821       0.117921091883199     
   7.80999982543290       0.880936254276875       0.119063712940569     
   7.81999982520938       0.879702295060490       0.120297672156955     
   7.82999982498586       0.878377355312963       0.121622635746339     
   7.83999982476234       0.876961625769162       0.123038091108771     
   7.84999982453883       0.875456632308016       0.124543501802437     
   7.85999982431531       0.873861707357491       0.126138176413449     
   7.86999982409179       0.872178662898818       0.127821411606988     
   7.87999982386827       0.870407498931996       0.129592325234299     
   7.88999982364476       0.868549836703387       0.131450058988483     
   7.89999982342124       0.866606343785023       0.133393575748705     
   7.90999982319772       0.864578164586099       0.135421802631345     
   7.91999982297421       0.862466252780948       0.137533619069064     
   7.92999982275069       0.860272229615930       0.139727761443373     
   7.93999982252717       0.857996762663078       0.142003037661359     
   7.94999982230365       0.855641950005918       0.144358041053385     
   7.95999982208014       0.853208554583915       0.146791388791671     
   7.96999982185662       0.850698293010865       0.149301674206580     
   7.97999982163310       0.848112500430830       0.151887371419182     
   7.98999982140958       0.845453084192471       0.154546930708690     
   7.99999982118607       0.842721188704985       0.157278730828743     
   8.00999982096255       0.839918721317034       0.160081174374836     
   8.01999982073903       0.837047303274979       0.162952616258750     
   8.02999982051551       0.834108651192615       0.165891268341113     
   8.03999982029200       0.831104577051171       0.168895461691848     
   8.04999982006848       0.828036606729576       0.171963384329727     
   8.05999981984496       0.824906742943924       0.175093271957238     
   8.06999981962144       0.821716511573143       0.178283312593152     
   8.07999981939793       0.818468487537928       0.181531694256241     
   8.08999981917441       0.815163433777741       0.184836533439704     
   8.09999981895089       0.811804020580709       0.188196101608814     
   8.10999981872737       0.808391583090895       0.191608407968408     
   8.11999981850386       0.804928219391826       0.195071676300044     
   8.12999981828034       0.801415836832163       0.198584118464352     
   8.13999981805682       0.797856152025702       0.202143862875459     
   8.14999981783330       0.794250881586237       0.205749061789350     
   8.15999981760979       0.790602075913579       0.209397891303865     
   8.16999981738627       0.786911213202941       0.213088658647070     
   8.17999981716275       0.783180343854134       0.216819527995877     
   8.18999981693923       0.779410993746087       0.220588949629500     
   8.19999981671572       0.775604974860027       0.224394992357418     
   8.20999981649220       0.771763956126033       0.228236011091411     
   8.21999981626868       0.767889415739319       0.232110503794409     
   8.22999981604517       0.763983261048544       0.236016753852617     
   8.23999981582165       0.760046684146623       0.239953235387105     
   8.24999981559813       0.756081497014783       0.243918470202662     
   8.25999981537461       0.752089034797088       0.247910932420357     
   8.26999981515110       0.748070775688749       0.251929191528696     
   8.27999981492758       0.744028197884980       0.255971817016182     
   8.28999981470406       0.739962493478693       0.260037473738752     
   8.29999981448054       0.735875092981384       0.264124850394202     
   8.30999981425703       0.731767236169684       0.268232683364044     
   8.31999981403351       0.727640258187655       0.272359804397222     
   8.32999981380999       0.723495112709628       0.276504902191533     
   8.33999981358647       0.719332944144799       0.280666927705212     
   8.34999981336296       0.715155183004665       0.284844831896496     
   8.35999981313944       0.710962496861256       0.289037470356188     
   8.36999981291592       0.706756125491204       0.293243913251816     
   8.37999981269240       0.702536879517687       0.297463063857899     
   8.38999981246889       0.698305712615038       0.301694206918690     
   8.39999981224537       0.694063626141304       0.305936245708708     
   8.40999981202185       0.689811430719665       0.310188512655921     
   8.41999981179833       0.685549841605869       0.314450149453434     
   8.42999981157482       0.681279574055665       0.318720393161779     
   8.43999981135130       0.677001391008517       0.322998576208928     
   8.44999981112778       0.672716007720172       0.327283959497272     
   8.45999981090426       0.668423996395230       0.331575923138498     
   8.46999981068075       0.664126119973155       0.335873894928007     
   8.47999981045723       0.659822664556245       0.340177254977483     
   8.48999981023371       0.655514440767682       0.344485597975337     
   8.49999981001019       0.651201639342332       0.348798232507679     
   8.50999980978668       0.646885118587093       0.353114896314068     
   8.51999980956316       0.642564973869398       0.357434945664330     
   8.52999980933964       0.638241777393844       0.361758142139884     
   8.53999980911613       0.633915910630165       0.366084056587280     
   8.54999980889261       0.629587659680659       0.370412259853069     
   8.55999980866909       0.625257501382492       0.374742418151236     
   8.56999980844557       0.620925817205396       0.379074173853907     
   8.57999980822206       0.616592797884238       0.383407145491349     
   8.58999980799854       0.612258920256181       0.387741094644980     
   8.59999980777502       0.607924518107243       0.392075520635776     
   8.60999980755150       0.603589829856006       0.396410041994006     
   8.61999980732799       0.599255523074500       0.400744491826661     
   8.62999980710447       0.594921788497594       0.405078131036134     
   8.63999980688095       0.590589198329884       0.409410768887561     
   8.64999980665743       0.586258229408536       0.413741785492626     
   8.65999980643392       0.581929167835849       0.418070799381596     
   8.66999980621040       0.577602776551288       0.422397047615007     
   8.67999980598688       0.573279770810601       0.426720244090561     
   8.68999980576336       0.568960579767236       0.431039435133926     
   8.69999980553985       0.564645966360658       0.435354000856787     
   8.70999980531633       0.560336693530331       0.439663321370830     
   8.71999980509281       0.556033619583154       0.443966395318007     
   8.72999980486929       0.551737412091157       0.448262412075138     
   8.73999980464578       0.547449453882120       0.452550513335325     
   8.74999980442226       0.543170269476924       0.456829697740520     
   8.75999980419874       0.538901146335917       0.461098916248961     
   8.76999980397522       0.534642990449711       0.465356976767733     
   8.77999980375171       0.530397041594938       0.469602877938790     
   8.78999980352819       0.526164491864510       0.473835475352935     
   8.79999980330467       0.521946533351340       0.478053481549821     
   8.80999980308115       0.517744262780909       0.482255656752820     
   8.81999980285764       0.513559253715862       0.486440761185300     
   8.82999980263412       0.509392650565395       0.490607268968333     
   8.83999980241060       0.505245740789857       0.494754226427588     
   8.84999980218709       0.501119907217024       0.498880012316704     
   8.85999980196357       0.497016532674678       0.502983386859050     
   8.86999980174005       0.492936904623164       0.507062967226847     
   8.87999980151653       0.488882405890262       0.511117513643466     
   8.88999980129302       0.484854228568885       0.515145643281127     
   8.89999980106950       0.480853850854245       0.519146116363199     
   8.90999980084598       0.476882512522973       0.523117454694471     
   8.91999980062246       0.472941405667981       0.527058561549463     
   8.92999980039895       0.469031722382184       0.530968197151545     
   8.93999980017543       0.465154654758493       0.534845169407802     
   8.94999979995191       0.461311537940972       0.538688429276473     
   8.95999979972839       0.457503277920235       0.542496689297209     
   8.96999979950488       0.453730876054330       0.546269138846831     
   8.97999979928136       0.449995429068736       0.550004585832426     
   8.98999979905784       0.446297842954067       0.553702124263378     
   8.99999979883432       0.442639071384654       0.557360943516507     
   9.00999979861081       0.439019781932529       0.560980232968632     
   9.01999979838729       0.435440928272023       0.564559086629139     
   9.02999979816377       0.431903177975165       0.568096741558563     
   9.03999979794025       0.428407198613989       0.571592673236022     
   9.04999979771674       0.424953753127959       0.575046261773203     
   9.05999979749322       0.421543222986806       0.578456601179489     
   9.06999979726970       0.418176371129995       0.581823596087450     
   9.07999979704618       0.414853483659826       0.585146388190186     
   9.08999979682267       0.411575180464613       0.588424739069115     
   9.09999979659915       0.408341890697805       0.591658124203356     
   9.10999979637563       0.405153852777985       0.594846019072026     
   9.11999979615211       0.402011591226035       0.597988423675126     
   9.12999979592860       0.398915272934962       0.601084622756908     
   9.13999979570508       0.395865350900074       0.604134664001087     
   9.14999979548156       0.392861944330662       0.607138070570500     
   9.15999979525805       0.389905339329024       0.610094651730279     
   9.16999979503453       0.386995798155603       0.613004216745558     
   9.17999979481101       0.384133416177830       0.615866622565189     
   9.18999979458749       0.381318479498006       0.618681535403155     
   9.19999979436398       0.378550868906839       0.621449050626889     
   9.20999979414046       0.375830965874060       0.624168977501526     
   9.21999979391694       0.373158722715955       0.626841172975915     
   9.22999979369342       0.370534187116238       0.629465875468640     
   9.23999979346991       0.367957335233053       0.632042655826250     
   9.24999979324639       0.365428333959406       0.634571752467330     
   9.25999979302287       0.362946992560431       0.637052926973297     
   9.26999979279935       0.360513263352413       0.639486703865032     
   9.27999979257584       0.358127146335351       0.641872940091385     
   9.28999979235232       0.355788450774378       0.644211492601208     
   9.29999979212880       0.353497081302063       0.646502981282815     
   9.30999979190528       0.351252751816105       0.648747215401340     
   9.31999979168177       0.349055366949072       0.650944719477664     
   9.32999979145825       0.346904569073089       0.653095445828072     
   9.33999979123473       0.344800143611433       0.655199823606011     
   9.34999979101121       0.342741732936229       0.657258234281215     
   9.35999979078770       0.340729050945178       0.659271059323416     
   9.36999979056418       0.338761525433682       0.661238489467479     
   9.37999979034066       0.336838965666875       0.663161001550570     
   9.38999979011714       0.334960751756441       0.665039167777287     
   9.39999978989363       0.333126502232648       0.666873464984796     
   9.40999978967011       0.331335597207183       0.668664370010262     
   9.41999978944659       0.329587512159161       0.670412455058283     
   9.42999978922307       0.327881627200270       0.672118292333458     
   9.43999978899956       0.326217346284052       0.673782644775251     
   9.44999978877604       0.324593930312901       0.675406084588261     
   9.45999978855252       0.323010711714785       0.676989183977085     
   9.46999978832901       0.321466951392098       0.678532991983488     
   9.47999978810549       0.319961934089093       0.680038033128351     
   9.48999978788197       0.318494777657014       0.681505213402289     
   9.49999978765845       0.317064719156395       0.682935152693616     
   9.50999978743494       0.315670924122198       0.684328995411530     
   9.51999978721142       0.314312486563809       0.685687409128061     
   9.52999978698790       0.312988524332471       0.687011538252406     
   9.53999978676438       0.311698083753855       0.688301859621731     
   9.54999978654087       0.310440211153630       0.689559756063815     
   9.55999978631735       0.309214119750472       0.690785799783256     
   9.56999978609383       0.308018641293327       0.691981373607835     
   9.57999978587031       0.306852965159013       0.693147002058431     
   9.58999978564680       0.305715970780193       0.694284067962826     
   9.59999978542328       0.304606776008111       0.695393191209334     
   9.60999978519976       0.303524355642860       0.696475516207151     
   9.61999978497624       0.302467708326395       0.697532330416625     
   9.62999978475273       0.301435880384384       0.698564110674919     
   9.63999978452921       0.300427822775063       0.699572144442381     
   9.64999978430569       0.299442581824103       0.700557385393342     
   9.65999978408217       0.298479203857172       0.701520834885848     
   9.66999978385866       0.297536663674364       0.702463255859364     
   9.67999978363514       0.296614031443209       0.703386031141669     
   9.68999978341162       0.295710329647516       0.704289637569929     
   9.69999978318810       0.294824652296672       0.705175267237056     
   9.70999978296459       0.293956045716346       0.706043921501099     
   9.71999978274107       0.293103508548491       0.706896506352670     
   9.72999978251755       0.292266087118776       0.707733927782385     
   9.73999978229403       0.291442923120304       0.708557044097141     
   9.74999978207052       0.290633110562460       0.709366856654984     
   9.75999978184700       0.289835695770915       0.710164223762813     
   9.76999978162348       0.289049725071337       0.710950194462391     
   9.77999978139997       0.288274292473112       0.711725722428049     
   9.78999978117645       0.287508444301910       0.712491618282968     
   9.79999978095293       0.286751369934549       0.713248644966612     
   9.80999978072941       0.286002020329267       0.713997994571894     
   9.81999978050590       0.285259489495449       0.714740382354563     
   9.82999978028238       0.284522919126196       0.715477048091248     
   9.83999978005886       0.283791307863464       0.716208754721414     
   9.84999977983534       0.283063725874777       0.716936312868242     
   9.85999977961183       0.282339291011382       0.717660628522346     
   9.86999977938831       0.281617001915231       0.718383084511505     
   9.87999977916479       0.280896000279427       0.719103919254302     
   9.88999977894127       0.280175356271496       0.719824610945949     
   9.89999977871776       0.279454092375250       0.720545779474762     
   9.90999977849424       0.278731350283792       0.721268569249936     
   9.91999977827072       0.278006367057657       0.721993647843505     
   9.92999977804720       0.277277998287648       0.722722064297230     
   9.93999977782369       0.276545671769167       0.723454295448278     
   9.94999977760017       0.275808362302309       0.724191533389561     
   9.95999977737665       0.275065330789467       0.724934684111695     
   9.96999977715313       0.274315742765602       0.725684176768127     
   9.97999977692962       0.273558859133107       0.726441012716904     
   9.98999977670610       0.272793916952519       0.727206002581209     
   9.99999977648258       0.272020200968090       0.727979766249355     
