  0.000000000000000E+000   1.00000001490116       0.000000000000000E+000
  9.999999776482582E-003  0.999900069831313       9.999447651199214E-005
  1.999999955296516E-002  0.999600043886900       3.999131325619389E-004
  2.999999932944775E-002  0.999100413905090       8.995685860450353E-004
  3.999999910593033E-002  0.998401275253315       1.598661044220046E-003
  4.999999888241291E-002  0.997503104768739       2.496789246749717E-003
  5.999999865889549E-002  0.996406474655963       3.593456798694383E-003
  6.999999843537807E-002  0.995111861752150       4.888086093784660E-003
  7.999999821186066E-002  0.993619933629333       6.380014216602059E-003
  8.999999798834324E-002  0.991931453226975       8.068509520121059E-003
  9.999999776482582E-002  0.990047278851975       9.952771811973626E-003
  0.109999997541308       0.987967982708930       1.203193160939114E-002
  0.119999997317791       0.985694899941905       1.430505833484319E-002
  0.129999997094274       0.983228888857795       1.677115882592140E-002
  0.139999996870756       0.980570903130932       1.942918180568787E-002
  0.149999996647239       0.977721991803080       2.227800670680413E-002
  0.159999996423721       0.974683585385733       2.531644143635692E-002
  0.169999996200204       0.971456732920657       2.854324621771642E-002
  0.179999995976686       0.968042960286780       3.195709037716821E-002
  0.189999995753169       0.964443411893299       3.555656128461004E-002
  0.199999995529652       0.960659804354009       3.934019266575861E-002
  0.209999995306134       0.956693663547838       4.330638711611012E-002
  0.219999995082617       0.952546515353717       4.745347570558600E-002
  0.229999994859099       0.948220267120305       5.177967029481634E-002
  0.239999994635582       0.943717016931132       5.628306949560447E-002
  0.249999994412065       0.939038481399990       6.096165271046239E-002
  0.259999994188547       0.934186853977842       6.581322052796512E-002
  0.269999993965030       0.929164423483080       7.083548412971918E-002
  0.279999993741512       0.923974050938696       7.602592819967757E-002
  0.289999993517995       0.918618120530518       8.138190033110826E-002
  0.299999993294477       0.913099493281536       8.690055142194852E-002
  0.309999993070960       0.907421125582175       9.257880587248213E-002
  0.319999992847443       0.901586546027460       9.841338542719757E-002
  0.329999992623925       0.895598997110113       0.104400779372465     
  0.339999992400408       0.889462865732057       0.110537220694679     
  0.349999992176890       0.883181394386014       0.116818644357005     
  0.359999991953373       0.876759256076205       0.123240746904027     
  0.369999991729856       0.870200933071985       0.129798914936169     
  0.379999991506338       0.863511765949603       0.136488201267841     
  0.389999991282821       0.856696713815580       0.143303324927439     
  0.399999991059303       0.849761212613600       0.150238718841057     
  0.409999990835786       0.842711651961679       0.157288351018553     
  0.419999990612268       0.835554135375531       0.164445903367488     
  0.429999990388751       0.828295338575472       0.171704652483831     
  0.439999990165234       0.820942700221281       0.179057410047314     
  0.449999989941716       0.813503277503003       0.186496642030725     
  0.459999989718199       0.805985462754748       0.194014361411547     
  0.469999989494681       0.798397886729209       0.201602128171952     
  0.479999989271164       0.790748894076778       0.209251025456950     
  0.489999989047647       0.783048164591911       0.216951850309250     
  0.499999988824129       0.775305235017914       0.224694684515814     
  0.509999988600612       0.767530548088708       0.232469395286879     
  0.519999988377094       0.759734737273078       0.240265229944367     
  0.529999988153577       0.751929103611843       0.248070982814893     
  0.539999987930059       0.744124900462104       0.255875019071624     
  0.549999987706542       0.736334620957592       0.263665274734278     
  0.559999987483025       0.728570758232038       0.271429208985406     
  0.569999987259507       0.720846186888906       0.279153780328539     
  0.579999987035990       0.713174353736257       0.286825708848621     
  0.589999986812472       0.705568944000735       0.294430975532993     
  0.599999986588955       0.698044453532166       0.301955561368995     
  0.609999986365438       0.690615187445509       0.309384779771936     
  0.619999986141920       0.683296261478905       0.316703801105973     
  0.629999985918403       0.676102600635627       0.323897366581818     
  0.639999985694885       0.669050035909564       0.330949931307881     
  0.649999985471368       0.662154112192304       0.337845902708857     
  0.659999985247850       0.655430803528887       0.344569187530416     
  0.669999985024333       0.648896179331782       0.351103835569379     
  0.679999984800816       0.642566452064610       0.357433586678409     
  0.689999984577298       0.636457834190992       0.363542228393886     
  0.699999984353781       0.630586347439682       0.369413619777763     
  0.709999984130263       0.624968347325449       0.375031524524562     
  0.719999983906746       0.619619950944482       0.380379992431104     
  0.729999983683228       0.614556703188370       0.385443168661642     
  0.739999983459711       0.609794339683567       0.390205556008302     
  0.749999983236194       0.605348071535648       0.394651895681797     
  0.759999983012676       0.601232442278153       0.398767477255575     
  0.769999982789159       0.597461995444625       0.402538067140252     
  0.779999982565641       0.594050130159410       0.405949789374318     
  0.789999982342124       0.591010102495702       0.408989912405460     
  0.799999982118607       0.588354024117500       0.411645990783661     
  0.809999981895089       0.586093434484205       0.413906580416956     
  0.819999981671572       0.584238728646021       0.415761286255140     
  0.829999981448054       0.582799347978820       0.417200571554908     
  0.839999981224537       0.581783875551579       0.418216091665865     
  0.849999981001019       0.581199416238061       0.418800598663100     
  0.859999980777502       0.581051739767965       0.418948179765763     
  0.869999980553985       0.581345662196661       0.418654257337067     
  0.879999980330467       0.582084378333157       0.417915636568004     
  0.889999980106950       0.583269271005232       0.416730648528496     
  0.899999979883432       0.584900673998902       0.415099293218542     
  0.909999979659915       0.586976918384089       0.413023096517072     
  0.919999979436398       0.589494809351784       0.410505110181944     
  0.929999979212880       0.592449340111752       0.407550579421976     
  0.939999978989363       0.595833882627396       0.404166132273765     
  0.949999978765845       0.599639567727440       0.400360447173721     
  0.959999978542328       0.603856191096547       0.396143895330189     
  0.969999978318810       0.608471021182403       0.391528898351325     
  0.979999978095293       0.613470277390931       0.386529689826514     
  0.989999977871776       0.618837556523644       0.381162363010084     
  0.999999977648258       0.624555120237993       0.375444846979452     
   1.00999997742474       0.630602941373034       0.369397073528127     
   1.01999997720122       0.636959371521463       0.363040548012265     
   1.02999997697771       0.643601141029613       0.356398873871548     
   1.03999997675419       0.650502977527722       0.349496965847864     
   1.04999997653067       0.657638225818250       0.342361765241053     
   1.05999997630715       0.664978657141010       0.335021405443868     
   1.06999997608364       0.672494278438304       0.327505641095424     
   1.07999997586012       0.680154429080403       0.319845633504475     
   1.08999997563660       0.687926398037767       0.312073616863394     
   1.09999997541308       0.695777092811124       0.304222922090037     
   1.10999997518957       0.703672133440854       0.296327833776591     
   1.11999997496605       0.711576615446457       0.288423470980279     
   1.12999997474253       0.719454632989386       0.280545334228059     
   1.13999997451901       0.727270327914809       0.272729663144494     
   1.14999997429550       0.734987460598163       0.265012601986715     
   1.15999997407198       0.742569409945151       0.257430533430435     
   1.16999997384846       0.749980270117227       0.250019673258359     
   1.17999997362494       0.757184230643276       0.242815760416027     
   1.18999997340143       0.764146005573064       0.235854009328097     
   1.19999997317791       0.770831214946973       0.229168823796046     
   1.20999997295439       0.777206337112283       0.222793606263304     
   1.21999997273088       0.783239471662633       0.216760543238529     
   1.22999997250736       0.788899719549711       0.211100295351450     
   1.23999997228384       0.794157898339002       0.205841997352868     
   1.24999997206032       0.798987066730664       0.201012852803064     
   1.25999997183681       0.803361904671220       0.196638026783437     
   1.26999997161329       0.807259476293019       0.192740490924425     
   1.27999997138977       0.810659229914236       0.189340784986925     
   1.28999997116625       0.813543236457456       0.186456838048351     
   1.29999997094274       0.815896141765954       0.184103825451491     
   1.30999997071922       0.817705929543166       0.182294180725428     
   1.31999997049570       0.818962681576053       0.181037261799533     
   1.32999997027218       0.819660580451199       0.180339315240671     
   1.33999997004867       0.819796479043312       0.180203500095062     
   1.34999996982515       0.819370091250093       0.180629720995273     
   1.35999996960163       0.818385327136298       0.181614640081147     
   1.36999996937811       0.816848480952508       0.183151510106795     
   1.37999996915460       0.814769566279196       0.185230389017319     
   1.38999996893108       0.812161839189557       0.187838199553463     
   1.39999996870756       0.809041607514644       0.190958383544659     
   1.40999996848404       0.805428516945668       0.194571486034564     
   1.41999996826053       0.801345074196831       0.198654916862472     
   1.42999996803701       0.796816790056479       0.203183153319108     
   1.43999996781349       0.791872036335945       0.208127930881499     
   1.44999996758997       0.786541664399827       0.213458350501334     
   1.45999996736646       0.780858814431113       0.219141105102615     
   1.46999996714294       0.774859439952067       0.225140670316527     
   1.47999996691942       0.768580591210434       0.231419399848869     
   1.48999996669590       0.762061893374650       0.237938073842795     
   1.49999996647239       0.755344211389783       0.244655803511378     
   1.50999996624887       0.748469649977530       0.251530364923632     
   1.51999996602535       0.741481267533917       0.258518795050961     
   1.52999996580184       0.734422790027004       0.265577224874157     
   1.53999996557832       0.727338515629448       0.272661499271713     
   1.54999996535480       0.720272885565056       0.279727177019822     
   1.55999996513128       0.713269673485602       0.286730222206268     
   1.56999996490777       0.706373129880028       0.293626932704850     
   1.57999996468425       0.699625597888613       0.300374297803257     
   1.58999996446073       0.693069420651636       0.306930570407667     
   1.59999996423721       0.686744890909566       0.313255123991595     
   1.60999996401370       0.680690870891375       0.319309144009786     
   1.61999996379018       0.674944506212242       0.325055508688919     
   1.62999996356666       0.669540796720099       0.330459194339204     
   1.63999996334314       0.664512358077054       0.335487656824107     
   1.64999996311963       0.659889326391955       0.340110783876639     
   1.65999996289611       0.655698786015790       0.344301109676080     
   1.66999996267259       0.651965532481157       0.348034410894430     
   1.67999996244907       0.648710737358194       0.351289182175535     
   1.68999996222556       0.645952854245198       0.354047160655963     
   1.69999996200204       0.643706522043146       0.356293540541731     
   1.70999996177852       0.641983327895154       0.358016734689723     
   1.71999996155500       0.640791521084182       0.359208398449546     
   1.72999996133149       0.640135869981883       0.359864097235562     
   1.73999996110797       0.640017614364886       0.359982495903708     
   1.74999996088445       0.640434417731083       0.359565573328220     
   1.75999996066093       0.641380987187937       0.358618932345792     
   1.76999996043742       0.642848310513024       0.357151561336988     
   1.77999996021390       0.644824752879511       0.355175214337933     
   1.78999995999038       0.647294864763243       0.352705126296060     
   1.79999995976686       0.650240717086803       0.349759321656217     
   1.80999995954335       0.653641329014917       0.346358685886244     
   1.81999995931983       0.657473383210203       0.342526631690959     
   1.82999995909631       0.661710892047150       0.338289075170294     
   1.83999995887280       0.666325769816723       0.333674197400722     
   1.84999995864928       0.671287928093790       0.328712015281797     
   1.85999995842576       0.676565371104559       0.323434667638461     
   1.86999995820224       0.682124577196308       0.317875413862994     
   1.87999995797873       0.687930832623405       0.312069134594040     
   1.88999995775521       0.693948231547299       0.306051640302712     
   1.89999995753169       0.700140391292280       0.299859623608882     
   1.90999995730817       0.706469689406003       0.293530277811442     
   1.91999995708466       0.712898980273291       0.287101129995303     
   1.92999995686114       0.719390116920920       0.280609850296525     
   1.93999995663762       0.725906096784861       0.274093798907009     
   1.94999995641410       0.732409869617371       0.267590145283791     
   1.95999995619059       0.738864814324153       0.261135200577009     
   1.96999995596707       0.745235406536391       0.254764656048486     
   1.97999995574355       0.751486884824736       0.248513058550850     
   1.98999995552003       0.757586156689914       0.242413786685672     
   1.99999995529652       0.763501178674417       0.236498740859311     
   2.00999995507300       0.769201576250815       0.230798390966630     
   2.01999995484948       0.774658596138039       0.225341394921264     
   2.02999995462596       0.779845297036250       0.220154622497478     
   2.03999995440245       0.784737026464001       0.215262988437161     
   2.04999995417893       0.789310657818774       0.210689357082387     
   2.05999995395541       0.793545496367596       0.206454518533565     
   2.06999995373189       0.797422850093586       0.202577021756426     
   2.07999995350838       0.800926792635423       0.199073126898305     
   2.08999995328486       0.804043018878147       0.195956972181156     
   2.09999995306134       0.806759655576343       0.193240335482960     
   2.10999995283782       0.809067261354137       0.190932705863307     
   2.11999995261431       0.810958492919184       0.189041307405253     
   2.12999995239079       0.812428868002129       0.187571194582748     
   2.13999995216727       0.813474858007950       0.186525073446707     
   2.14999995194376       0.814096272201780       0.185903671173806     
   2.15999995172024       0.814294350360250       0.185705616857195     
   2.16999995149672       0.814072621078381       0.185927465348355     
   2.17999995127320       0.813435948095261       0.186563959517538     
   2.18999995104969       0.812392056172968       0.187607911044477     
   2.19999995082617       0.810949337645610       0.189050534204402     
   2.20999995060265       0.809118664400557       0.190881350500604     
   2.21999995037913       0.806911480529777       0.193088510529526     
   2.22999995015562       0.804341518943630       0.195658579404035     
   2.23999994993210       0.801422894022210       0.198577120878952     
   2.24999994970858       0.798171484443120       0.201828387406891     
   2.25999994948506       0.794604313293164       0.205395701607998     
   2.26999994926155       0.790738499026574       0.209261539716445     
   2.27999994903803       0.786592495241649       0.213407495817654     
   2.28999994881451       0.782185280057568       0.217814687159876     
   2.29999994859099       0.777536308430676       0.222463563419335     
   2.30999994836748       0.772665655205632       0.227334288169954     
   2.31999994814396       0.767593156808513       0.232406715041499     
   2.32999994792044       0.762339507972293       0.237660554612585     
   2.33999994769692       0.756924545123049       0.243075422094396     
   2.34999994747341       0.751369106044905       0.248630932698115     
   2.35999994724989       0.745693074847654       0.254306892369790     
   2.36999994702637       0.739916717110823       0.260083273948480     
   2.37999994680285       0.734059630841905       0.265940384059256     
   2.38999994657934       0.728141032578662       0.271858958480641     
   2.39999994635582       0.722179900440274       0.277820114460887     
   2.40999994613230       0.716194449606455       0.283805517610990     
   2.41999994590878       0.710202609154621       0.289797453430257     
   2.42999994568527       0.704221354487856       0.295778708097021     
   2.43999994546175       0.698267136488365       0.301732878412796     
   2.44999994523823       0.692355738466318       0.307644181067410     
   2.45999994501472       0.686502276159857       0.313497691057588     
   2.46999994479120       0.680720816265357       0.319279174793946     
   2.47999994456768       0.675024805590880       0.324975113942848     
   2.48999994434416       0.669426880321307       0.330573063054279     
   2.49999994412065       0.663938818334621       0.336061125040965     
   2.50999994389713       0.658571634569341       0.341428404173678     
   2.51999994367361       0.653335151871072       0.346664863030089     
   2.52999994345009       0.648238906983121       0.351761107918040     
   2.53999994322658       0.643291244555879       0.356708770345282     
   2.54999994300306       0.638499841667709       0.361500220917168     
   2.55999994277954       0.633871326355209       0.366128640862236     
   2.56999994255602       0.629411992868960       0.370587974348485     
   2.57999994233251       0.625126991050347       0.374872976167097     
   2.58999994210899       0.621020803168726       0.378979116365002     
   2.59999994188547       0.617097339288851       0.382902675612311     
   2.60999994166195       0.613359460433713       0.386640459100015     
   2.61999994143844       0.609809789207723       0.390190178009721     
   2.62999994121492       0.606450042224676       0.393549901150910     
   2.63999994099140       0.603281363893768       0.396718651007394     
   2.64999994076788       0.600304135684731       0.399695783848998     
   2.65999994054437       0.597518834434730       0.402481180466431     
   2.66999994032085       0.594924458785719       0.405075460748009     
   2.67999994009733       0.592520341165667       0.407479769102927     
   2.68999993987381       0.590304717277061       0.409695249940384     
   2.69999993965030       0.588275918189822       0.411724096711339     
   2.70999993942678       0.586431464350692       0.413568502866752     
   2.71999993920326       0.584768876206411       0.415231043327317     
   2.72999993897974       0.583285054315404       0.416714960585757     
   2.73999993875623       0.581976422398931       0.418023497134797     
   2.74999993853271       0.580839642596835       0.419160372304326     
   2.75999993830919       0.579870661793212       0.420129353107949     
   2.76999993808568       0.579065331504722       0.420934588029006     
   2.77999993786216       0.578419407880595       0.421580654704282     
   2.78999993763864       0.577928074865461       0.422071940035700     
   2.79999993741512       0.577586802506250       0.422413164711195     
   2.80999993719161       0.577390679380159       0.422609335521003     
   2.81999993696809       0.577334507962085       0.422665411571643     
   2.82999993674457       0.577413376829227       0.422586542704501     
   2.83999993652105       0.577621850037900       0.422378069495828     
   2.84999993629754       0.577954730063002       0.422045237154443     
   2.85999993607402       0.578406437909699       0.421593576991462     
   2.86999993585050       0.578971537634306       0.421028429583139     
   2.87999993562698       0.579644593293139       0.420355421608022     
   2.88999993540347       0.580419739789065       0.419580179744663     
   2.89999993517995       0.581291588862115       0.418708330671613     
   2.90999993495643       0.582254513833739       0.417745501067422     
   2.91999993473291       0.583302601923087       0.416697317610641     
   2.92999993450940       0.584430417186475       0.415569597714686     
   2.93999993428588       0.585632094526769       0.414367920374392     
   2.94999993406236       0.586901816530553       0.413098198370609     
   2.95999993383884       0.588233956519275       0.411766058381886     
   2.96999993361533       0.589622697079520       0.410377222454208     
   2.97999993339181       0.591062411532736       0.408937555684709     
   2.98999993316829       0.592547234781790       0.407452780119371     
   2.99999993294477       0.594071206362116       0.405928760855328     
   3.00999993272126       0.595628651911447       0.404371267622281     
   3.01999993249774       0.597213849383799       0.402786070149929     
   3.02999993227422       0.598820981365755       0.401179176586556     
   3.03999993205070       0.600443801290449       0.399556261294428     
   3.04999993182719       0.602076730163049       0.397923308579971     
   3.05999993160367       0.603713616784120       0.396286350433325     
   3.06999993138015       0.605348786791396       0.394651228109765     
   3.07999993115664       0.606976041301728       0.393023949757575     
   3.08999993093312       0.608589372166833       0.391410642734328     
   3.09999993070960       0.610182485136129       0.389817482081316     
   3.10999993048608       0.611749372061333       0.388250523630537     
   3.11999993026257       0.613283929426728       0.386716037790716     
   3.12999993003905       0.614779624563152       0.385220342654293     
   3.13999992981553       0.616230306271170       0.383769684788133     
   3.14999992959201       0.617629346514185       0.382370620703259     
   3.15999992936850       0.618970307990466       0.381029706910695     
   3.16999992914498       0.620246562663414       0.379753428395889     
   3.17999992892146       0.621451577863866       0.378548389353579     
   3.18999992869794       0.622578487136639       0.377421480080805     
   3.19999992847443       0.623620424026555       0.376379543190890     
   3.20999992825091       0.624570617445865       0.375429397455296     
   3.21999992802739       0.625422010204524       0.374578076222212     
   3.22999992780387       0.626167402061334       0.373832612839827     
   3.23999992758036       0.626799831193683       0.373200183707478     
   3.24999992735684       0.627312001992941       0.372688012908220     
   3.25999992713332       0.627696618850479       0.372303348366966     
   3.26999992690980       0.627946481525100       0.372053485692344     
   3.27999992668629       0.628054151357027       0.371945911227851     
   3.28999992646277       0.628012094319047       0.371987849056540     
   3.29999992623925       0.627813157853680       0.372186857047481     
   3.30999992601573       0.627449617198849       0.372550302334879     
   3.31999992579222       0.626914415164507       0.373085575894796     
   3.32999992556870       0.626199826988575       0.373800068703295     
   3.33999992534518       0.625298795481008       0.374701171736437     
   3.34999992512167       0.624204025033176       0.375796037551702     
   3.35999992489815       0.622908220036450       0.377091794864711     
   3.36999992467463       0.621404466351933       0.378595572391086     
   3.37999992445111       0.619685945208161       0.380314022009284     
   3.38999992422760       0.617745980884820       0.382254034016341     
   3.39999992400408       0.615578136080178       0.384421902662842     
   3.40999992378056       0.613176211911085       0.386823755306359     
   3.41999992355704       0.610534486331559       0.389465528569602     
   3.42999992333353       0.607647332663049       0.392352682238112     
   3.43999992311001       0.604509553380453       0.395490366153275     
   3.44999992288649       0.601116666214416       0.398883277161170     
   3.45999992266297       0.597464379630452       0.402535539903276     
   3.46999992243946       0.593549165033536       0.406450849867625     
   3.47999992221594       0.589367684563513       0.410632282653932     
   3.48999992199242       0.584917840136853       0.415082127080591     
   3.49999992176890       0.580197724404897       0.419802290496264     
   3.50999992154539       0.575206383693313       0.424793631207848     
   3.51999992132187       0.569943674950952       0.430056292266492     
   3.52999992109835       0.564410408800995       0.435589510732733     
   3.53999992087483       0.558608158806088       0.441391760727640     
   3.54999992065132       0.552539547570639       0.447460467330522     
   3.55999992042780       0.546208246740822       0.453791720476623     
   3.56999992020428       0.539619215423155       0.460380894845439     
   3.57999991998076       0.532777984928757       0.467221934604972     
   3.58999991975725       0.525692041601122       0.474308020983756     
   3.59999991953373       0.518369587039494       0.481630332494234     
   3.60999991931021       0.510820444089479       0.489179570811682     
   3.61999991908669       0.503055389271012       0.496944625630150     
   3.62999991886318       0.495087058768974       0.504912956132188     
   3.63999991863966       0.486929090126292       0.513070877091153     
   3.64999991841614       0.478596742132257       0.521403225085187     
   3.65999991819263       0.470106799455088       0.529893120078640     
   3.66999991796911       0.461477381907066       0.538522680677811     
   3.67999991774559       0.452727896760820       0.547272118140341     
   3.68999991752207       0.443879610953921       0.556120451630957     
   3.69999991729856       0.434954840465707       0.565045079068021     
   3.70999991707504       0.425977617889309       0.574022397011852     
   3.71999991685152       0.416973167910772       0.583026799306673     
   3.72999991662800       0.407968145727637       0.592031869173525     
   3.73999991640449       0.398990398630357       0.601009473219655     
   3.74999991618097       0.390068894476725       0.609931096582578     
   3.75999991595745       0.381233840901164       0.618766221683714     
   3.76999991573393       0.372516256161276       0.627483758739885     
   3.77999991551042       0.363948255240146       0.636051664293582     
   3.78999991528690       0.355562453799880       0.644437513417564     
   3.79999991506338       0.347392278125767       0.652607689091678     
   3.80999991483986       0.339471392921677       0.660528669663201     
   3.81999991461635       0.331833844361213       0.668166122856231     
   3.82999991439283       0.324513678617979       0.675486288599465     
   3.83999991416931       0.317544870340003       0.682455168403017     
   3.84999991394579       0.310960941180005       0.689039049879298     
   3.85999991372228       0.304794935953542       0.695205126631336     
   3.86999991349876       0.299079017327413       0.700921021415606     
   3.87999991327524       0.293844275084798       0.706155692132647     
   3.88999991305172       0.289120583074101       0.710879431827060     
   3.89999991282821       0.284936027004361       0.715063964054941     
   3.90999991260469       0.281317071338252       0.718682919721051     
   3.91999991238117       0.278287796352622       0.721712027813673     
   3.92999991215765       0.275870184240791       0.724129830660370     
   3.93999991193414       0.274083380014947       0.725916634886214     
   3.94999991171062       0.272943596138710       0.727056418762452     
   3.95999991148710       0.272463897950409       0.727536116950752     
   3.96999991126359       0.272653965244501       0.727345954289227     
   3.97999991104007       0.273519734643694       0.726480208731893     
   3.98999991081655       0.275063328073372       0.724936686827789     
   3.99999991059303       0.277282790501159       0.722717152874427     
   4.00999991036952       0.280171899202047       0.719828091857256     
   4.01999991014600       0.283720068390966       0.716279946510195     
   4.02999990992248       0.287912086962343       0.712087832571385     
   4.03999990969896       0.292728285383109       0.707271634150619     
   4.04999990947545       0.298144249590401       0.701855717627044     
   4.05999990925193       0.304130987884566       0.695869027016595     
   4.06999990902841       0.310654740194302       0.689345274706859     
   4.07999990880489       0.317677192653376       0.682322703038494     
   4.08999990858138       0.325155692177351       0.674844275040094     
   4.09999990835786       0.333043103412436       0.666956911488725     
   4.10999990813434       0.341288285572652       0.658711729328509     
   4.11999990791082       0.349836259332839       0.650163660200889     
   4.12999990768731       0.358628564456531       0.641371402760914     
   4.13999990746379       0.367603426688961       0.632396516686626     
   4.14999990724027       0.376696210752371       0.623303804148790     
   4.15999990701675       0.385840183285477       0.614159783931967     
   4.16999990679324       0.394966632052759       0.605033406690261     
   4.17999990656972       0.404005438149056       0.595994576752105     
   4.18999990634620       0.412885672046031       0.587114342855131     
   4.19999990612268       0.421536547266491       0.578463419950953     
   4.20999990589917       0.429887396542540       0.570112618358621     
   4.21999990567565       0.437868792382908       0.562131222518254     
   4.22999990545213       0.445413214644987       0.554586752572458     
   4.23999990522861       0.452455384320846       0.547544630580315     
   4.24999990500510       0.458933360262712       0.541066654638449     
   4.25999990478158       0.464788920652701       0.535211094248460     
   4.26999990455806       0.469968325942283       0.530031593591445     
   4.27999990433455       0.474423224842894       0.525576837741983     
   4.28999990411103       0.478110558958509       0.521889360575219     
   4.29999990388751       0.480994184031996       0.519005783185449     
   4.30999990366399       0.483044440791673       0.516955574109488     
   4.31999990344048       0.484239251676787       0.515760715540658     
   4.32999990321696       0.484564263888661       0.515435607961351     
   4.33999990299344       0.484013469279013       0.515986545622148     
   4.34999990276992       0.482589061298803       0.517410953602358     
   4.35999990254641       0.480301959519117       0.519698007698327     
   4.36999990232289       0.477171904998599       0.522828109902562     
   4.37999990209937       0.473227317232300       0.526772649985144     
   4.38999990187585       0.468505341835399       0.531494625382045     
   4.39999990165234       0.463051516757183       0.536948498143978     
   4.40999990142882       0.456919724597331       0.543080337987547     
   4.41999990120530       0.450171381982734       0.549828632918427     
   4.42999990098178       0.442875439567498       0.557124432282514     
   4.43999990075827       0.435107476042322       0.564892491175122     
   4.44999990053475       0.426948935195043       0.573051032022402     
   4.45999990031123       0.418486601389745       0.581513413511416     
   4.46999990008771       0.409811502841286       0.590188464376158     
   4.47999989986420       0.401017957940965       0.598982009276479     
   4.48999989964068       0.392202812317056       0.607797250267822     
   4.49999989941716       0.383463960639595       0.616536054261566     
   4.50999989919364       0.374899631364638       0.625100240485374     
   4.51999989897013       0.366606884697182       0.633393106362121     
   4.52999989874661       0.358680635074982       0.641319379826179     
   4.53999989852309       0.351212506759353       0.648787412774375     
   4.54999989829957       0.344289451007388       0.655710468526340     
   4.55999989807606       0.337992959290638       0.662007055610523     
   4.56999989785254       0.332397561258041       0.667602358275687     
   4.57999989762902       0.327570181005749       0.672429762369838     
   4.58999989740551       0.323568873458637       0.676431093758808     
   4.59999989718199       0.320442347533142       0.679557619684303     
   4.60999989695847       0.318228774044346       0.681771193173098     
   4.61999989673495       0.316955404236248       0.683044634506771     
   4.62999989651144       0.316638164470168       0.683361778905418     
   4.63999989628792       0.317281036336437       0.682718907039149     
   4.64999989606440       0.318876008970678       0.681123934404908     
   4.65999989584088       0.321403031370089       0.678597031214789     
   4.66999989561737       0.324830083919020       0.675169859456567     
   4.67999989539385       0.329113392965695       0.670886621935466     
   4.68999989517033       0.334198050710530       0.665801916506915     
   4.69999989494681       0.340018325150286       0.659981642067159     
   4.70999989472330       0.346498780645412       0.653501234255749     
   4.71999989449978       0.353554802440923       0.646445236302096     
   4.72999989427626       0.361093907968609       0.638906106932552     
   4.73999989405274       0.369016748205077       0.630983219012368     
   4.74999989382923       0.377218562025108       0.622781333666762     
   4.75999989360571       0.385590177559706       0.614409789657739     
   4.76999989338219       0.394019943386613       0.605980071514548     
   4.77999989315867       0.402394872939510       0.597605046594218     
   4.78999989293516       0.410602289596234       0.589397677621211     
   4.79999989271164       0.418531424083284       0.581468543134161     
   4.80999989248812       0.426074892671032       0.573925026862696     
   4.81999989226460       0.433130366103804       0.566869744164791     
   4.82999989204109       0.439601380223056       0.560398634678105     
   4.83999989181757       0.445399863204358       0.554600056329370     
   4.84999989159405       0.450446373975968       0.549553688608910     
   4.85999989137053       0.454671771148917       0.545328196068528     
   4.86999989114702       0.458018309742485       0.541981657474960     
   4.87999989092350       0.460439927286505       0.539560087614657     
   4.88999989069998       0.461903578965419       0.538096435935742     
   4.89999989047647       0.462389476036869       0.537610681915442     
   4.90999989025295       0.461891467301420       0.538108547599741     
   4.91999989002943       0.460417420572302       0.539582546645143     
   4.92999988980591       0.457988507419653       0.542011555165224     
   4.93999988958240       0.454639489272825       0.545360334893470     
   4.94999988935888       0.450418240583215       0.549581726634230     
   4.95999988913536       0.445384890517367       0.554615124383794     
   4.96999988891184       0.439610964650079       0.560388954883649     
   4.97999988868833       0.433178622024933       0.566821488243662     
   4.98999988846481       0.426179320010235       0.573820694890927     
   4.99999988824129       0.418712431471235       0.581287583429926     
   5.00999988801777       0.410884100360931       0.589115914540230     
   5.01999988779426       0.402805334371408       0.597194680529753     
   5.02999988757074       0.394590860524637       0.605409154376524     
   5.03999988734722       0.386357074772672       0.613642892444773     
   5.04999988712370       0.378220683011721       0.621779260363866     
   5.05999988690019       0.370296650682340       0.629703388060680     
   5.06999988667667       0.362697034518376       0.637302980382785     
   5.07999988645315       0.355528932147159       0.644471082754002     
   5.08999988622963       0.348893218471009       0.651106701062719     
   5.09999988600612       0.342883186681318       0.657116804377985     
   5.10999988578260       0.337582760119181       0.662417230940122     
   5.11999988555908       0.333065896228938       0.666934023304790     
   5.12999988533556       0.329395346781542       0.670604525068470     
   5.13999988511205       0.326621632674659       0.673378429910219     
   5.14999988488853       0.324782471728064       0.675217543173098     
   5.15999988466501       0.323902516423203       0.676097498477958     
   5.16999988444149       0.323992781698596       0.676007185518849     
   5.17999988421798       0.325050573424258       0.674949465318761     
   5.18999988399446       0.327059869871436       0.672940025820434     
   5.19999988377094       0.329991393238178       0.670008478611834     
   5.20999988354743       0.333803134170221       0.666196928414656     
   5.21999988332391       0.338440995491162       0.661559067093716     
   5.22999988310039       0.343839650509352       0.656160316708092     
   5.23999988287687       0.349923830478248       0.650076112897338     
   5.24999988265336       0.356608872959150       0.643390998890862     
   5.25999988242984       0.363802653011719       0.636197433415017     
   5.26999988220632       0.371406083873005       0.628593931028156     
   5.27999988198280       0.379315524985127       0.620684489916034     
   5.28999988175929       0.387423449567310       0.612576589175710     
   5.29999988153577       0.395620447331972       0.604379567569190     
   5.30999988131225       0.403796392735785       0.596203622165376     
   5.31999988108873       0.411842352328335       0.588157662572826     
   5.32999988086522       0.419651609952027       0.580348404949135     
   5.33999988064170       0.427121454881451       0.572878560019710     
   5.34999988041818       0.434154230865154       0.565845784036007     
   5.35999988019466       0.440658957371994       0.559341057529167     
   5.36999987997115       0.446552044846893       0.553447922370552     
   5.37999987974763       0.451758534487464       0.548241432729981     
   5.38999987952411       0.456213099602060       0.543786915299101     
   5.39999987930059       0.459860474763222       0.540139540137940     
   5.40999987907708       0.462656314114575       0.537343605419153     
   5.41999987885356       0.464567477473132       0.535432537428029     
   5.42999987863004       0.465572268747870       0.534427746153291     
   5.43999987840652       0.465660865093184       0.534339102124260     
   5.44999987818301       0.464834792388004       0.535165222513157     
   5.45999987795949       0.463107020603225       0.536892994297936     
   5.46999987773597       0.460501582331979       0.539498480252899     
   5.47999987751245       0.457052952901318       0.542947014316127     
   5.48999987728894       0.452805811953631       0.547194298314963     
   5.49999987706542       0.447813755986299       0.552186258914862     
   5.50999987684190       0.442139059933112       0.557860954968049     
   5.51999987661839       0.435851246652771       0.564148815932107     
   5.52999987639487       0.429026467040575       0.570973547860586     
   5.53999987617135       0.421746260251794       0.578253754649367     
   5.54999987594783       0.414096456976182       0.585903605608696     
   5.55999987572432       0.406166321131085       0.593833550718927     
   5.56999987550080       0.398047238559235       0.601952752500068     
   5.57999987527728       0.389831310359110       0.610168752225768     
   5.58999987505376       0.381610732996624       0.618389138853388     
   5.59999987483025       0.373476653895924       0.626523361005237     
   5.60999987460673       0.365517717086043       0.634482250131402     
   5.61999987438321       0.357819705573018       0.642180261644427     
   5.62999987415969       0.350464039302826       0.649535904072760     
   5.63999987393618       0.343527608268374       0.656472406632787     
   5.64999987371266       0.337081318156143       0.662918768270593     
   5.65999987348914       0.331189899611323       0.668810091447980     
   5.66999987326562       0.325911336033215       0.674088631184230     
   5.67999987304211       0.321296243686918       0.678703747372385     
   5.68999987281859       0.317387490233592       0.682612524667569     
   5.69999987259507       0.314220242414180       0.685779772486981     
   5.70999987237155       0.311821250793654       0.688178787949365     
   5.71999987214804       0.310209421965620       0.689790640619258     
   5.72999987192452       0.309395198663998       0.690604792395305     
   5.73999987170100       0.309381298860629       0.690618620673099     
   5.74999987147748       0.310162548872270       0.689837370661458     
   5.75999987125397       0.311726169462892       0.688273821596411     
   5.76999987103045       0.314052228838984       0.685947762220319     
   5.77999987080693       0.317113976435571       0.682886086149306     
   5.78999987058342       0.320878367437100       0.679121647464061     
   5.79999987035990       0.325306658823887       0.674693308393557     
   5.80999987013638       0.330354814683718       0.669645224059302     
   5.81999986991286       0.335974078416438       0.664025888801007     
   5.82999986968935       0.342111592622274       0.657888374595171     
   5.83999986946583       0.348711352776160       0.651288614441285     
   5.84999986924231       0.355714397962606       0.644285593096697     
   5.85999986901879       0.363059621498877       0.636940393402284     
   5.86999986879528       0.370684438507027       0.629315528710418     
   5.87999986857176       0.378525310434778       0.621474656782667     
   5.88999986834824       0.386518531836845       0.613481435380599     
   5.89999986812472       0.394600492635377       0.605399522265785     
   5.90999986790121       0.402708441059417       0.597291478474311     
   5.91999986767769       0.410781198900658       0.589218816000503     
   5.92999986745417       0.418758875411136       0.581241139490025     
   5.93999986723065       0.426584154763582       0.573415764770147     
   5.94999986700714       0.434202486786283       0.565797432747445     
   5.95999986678362       0.441561896228222       0.558438070989222     
   5.96999986656010       0.448613984117120       0.551386078467758     
   5.97999986633658       0.455313689340855       0.544686420927739     
   5.98999986611307       0.461619574749761       0.538380344783967     
   5.99999986588955       0.467494780830961       0.532505281753917     
   6.00999986566603       0.472905547513150       0.527094372020578     
   6.01999986544251       0.477822978464111       0.522176941069617     
   6.02999986521900       0.482222087416382       0.517777927484779     
   6.03999986499548       0.486081893534688       0.513918121366473     
   6.04999986477196       0.489385755201962       0.510614212015483     
   6.05999986454844       0.492121131600754       0.507878883300407     
   6.06999986432493       0.494279344294657       0.505720622922787     
   6.07999986410141       0.495855672595734       0.504144342305427     
   6.08999986387789       0.496849067462222       0.503150947438940     
   6.09999986365438       0.497262056131095       0.502737911086349     
   6.10999986343086       0.497100551383205       0.502899415834239     
   6.11999986320734       0.496373470073543       0.503626449460185     
   6.12999986298382       0.495093066917256       0.504906900300188     
   6.13999986276031       0.493273837764171       0.506726177136990     
   6.14999986253679       0.490932948752238       0.509067066148923     
   6.15999986231327       0.488089950205236       0.511909969328492     
   6.16999986208975       0.484766204428169       0.515233715105559     
   6.17999986186624       0.480985076442138       0.519014843091590     
   6.18999986164272       0.476771171044874       0.523228748488854     
   6.19999986141920       0.472150714280467       0.527849205253261     
   6.20999986119568       0.467150552081325       0.532849415136120     
   6.21999986097217       0.461798770156484       0.538201197060960     
   6.22999986074865       0.456123931052147       0.543876083849014     
   6.23999986052513       0.450154978784248       0.549844940749480     
   6.24999986030161       0.443921143471020       0.556078776062709     
   6.25999986007810       0.437451702914412       0.562548264303032     
   6.26999985985458       0.430775839548943       0.569224175352218     
   6.27999985963106       0.423922163604530       0.576077851296631     
   6.28999985940754       0.416919237627376       0.583080729590069     
   6.29999985918403       0.409794908907934       0.590205105993228     
   6.30999985896051       0.402576261797194       0.597423753103968     
   6.31999985873699       0.395289617706680       0.604710397194481     
   6.32999985851347       0.387960439741022       0.612039479792706     
   6.33999985828996       0.380613380381664       0.619386634519497     
   6.34999985806644       0.373271637756700       0.626728353302603     
   6.35999985784292       0.365957742422189       0.634042367846405     
   6.36999985761940       0.358692651371548       0.641307363529613     
   6.37999985739589       0.351496606342444       0.648503408558717     
   6.38999985717237       0.344388299351756       0.655611715549405     
   6.39999985694885       0.337385278007169       0.662614736893993     
   6.40999985672534       0.330503873981593       0.669496069393993     
   6.41999985650182       0.323759203013170       0.676240788046133     
   6.42999985627830       0.317164998012260       0.682835016888902     
   6.43999985605478       0.310734085898609       0.689266024369985     
   6.44999985583127       0.304477696187462       0.695522223346266     
   6.45999985560775       0.298406295454596       0.701593695604707     
   6.46999985538423       0.292528848238719       0.707471142820584     
   6.47999985516071       0.286853460771642       0.713146506445803     
   6.48999985493720       0.281387023350403       0.718612967708900     
   6.49999985471368       0.276135472597710       0.723864566145309     
   6.50999985449016       0.271103719936367       0.728896247281078     
   6.51999985426664       0.266295770798560       0.733704196418884     
   6.52999985404313       0.261714724625866       0.738285361800870     
   6.53999985381961       0.257362846394820       0.742637073138908     
   6.54999985359609       0.253241614300633       0.746758376758670     
   6.55999985337257       0.249351743599053       0.750648271302108     
   6.56999985314906       0.245693234290082       0.754306804452938     
   6.57999985292554       0.242265490327261       0.757734500732042     
   6.58999985270202       0.239067319617678       0.760932647599766     
   6.59999985247850       0.236096934021964       0.763903057037339     
   6.60999985225499       0.233352044721723       0.766647922495721     
   6.61999985203147       0.230829957586973       0.769170009630471     
   6.62999985180795       0.228527597017997       0.771472465566880     
   6.63999985158443       0.226441339052339       0.773558675848822     
   6.64999985136092       0.224567440518252       0.775432502857335     
   6.65999985113740       0.222901729090538       0.777098190443191     
   6.66999985091388       0.221439841709135       0.778560173192027     
   6.67999985069036       0.220177176895398       0.779822838005764     
   6.68999985046685       0.219108918593957       0.780891048623488     
   6.69999985024333       0.218230226907584       0.781769764151719     
   6.70999985001981       0.217535928153037       0.782464039064408     
   6.71999984979630       0.217020896330787       0.782979070886658     
   6.72999984957278       0.216679957757592       0.783320057143570     
   6.73999984934926       0.216507771857199       0.783492195360246     
   6.74999984912574       0.216499045737073       0.783501016847804     
   6.75999984890223       0.216648438820965       0.783351576080197     
   6.76999984867871       0.216950753583770       0.783049213633674     
   6.77999984845519       0.217400601765522       0.782599413135639     
   6.78999984823167       0.217992785841119       0.782007181376326     
   6.79999984800816       0.218722132127317       0.781277858931986     
   6.80999984778464       0.219583562308305       0.780416452592856     
   6.81999984756112       0.220572045751990       0.779427969149172     
   6.82999984733760       0.221682623351851       0.778317415391168     
   6.83999984711409       0.222910455210663       0.777089512006782     
   6.84999984689057       0.224250796798628       0.775749170418816     
   6.85999984666705       0.225699046637104       0.774300968264058     
   6.86999984644353       0.227250627089301       0.772749435495577     
   6.87999984622002       0.228901175095158       0.771098815964145     
   6.88999984599650       0.230646375278329       0.769353591939115     
   6.89999984577298       0.232482055313618       0.767517959587543     
   6.90999984554946       0.234404162085118       0.765595828974185     
   6.91999984532595       0.236408761686217       0.763591253214944     
   6.92999984510243       0.238492063261450       0.761507903955994     
   6.93999984487891       0.240650323639070       0.759349643578375     
   6.94999984465539       0.242879966540336       0.757120048360825     
   6.95999984443188       0.245177534895801       0.754822408479786     
   6.96999984420836       0.247539714687164       0.752460300213997     
   6.97999984398484       0.249963144212412       0.750036823005033     
   6.98999984376132       0.252444747871827       0.747555219345617     
   6.99999984353781       0.254981378540119       0.745018588677326     
   7.00999984331429       0.257570127510579       0.742429839706865     
   7.01999984309077       0.260208133760216       0.739791881140945     
   7.02999984286726       0.262892536266037       0.737107478635124     
   7.03999984264374       0.265620664739917       0.734379302477528     
   7.04999984242022       0.268389848893730       0.731610070639999     
   7.05999984219670       0.271197466123066       0.728802501094378     
   7.06999984197319       0.274040989190951       0.725959025710210     
   7.07999984174967       0.276918033911556       0.723081980989605     
   7.08999984152615       0.279826025364191       0.720173941853254     
   7.09999984130263       0.282762674730460       0.717237292486985     
   7.10999984107912       0.285725550140821       0.714274417076624     
   7.11999984085560       0.288712434302456       0.711287604440564     
   7.12999984063208       0.291720871503962       0.708279191080916     
   7.13999984040856       0.294748644452522       0.705251370448639     
   7.14999984018505       0.297793416646025       0.702206622096995     
   7.15999983996153       0.300852899266078       0.699147139476942     
   7.16999983973801       0.303924827336145       0.696075163723158     
   7.17999983951449       0.307006864354117       0.692993079021470     
   7.18999983929098       0.310096697659741       0.689903364925136     
   7.19999983906746       0.313191966909050       0.686807976466536     
   7.20999983884394       0.316290287916217       0.683709726984944     
   7.21999983862042       0.319389252653558       0.680610762247603     
   7.22999983839691       0.322486500777103       0.677513514124058     
   7.23999983817339       0.325579361998727       0.674420652902434     
   7.24999983794987       0.328665404448888       0.671334562768557     
   7.25999983772635       0.331742053206892       0.668258009377986     
   7.26999983750284       0.334806494933463       0.665193472283981     
   7.27999983727932       0.337856154707911       0.662143717142101     
   7.28999983705580       0.340888314558391       0.659111700342770     
   7.29999983683228       0.343900018094480       0.656100092174114     
   7.30999983660877       0.346888332767611       0.653111610607976     
   7.31999983638525       0.349850421396649       0.650149545820796     
   7.32999983616173       0.352783065330730       0.647216901886715     
   7.33999983593822       0.355683332021286       0.644316682879875     
   7.34999983571470       0.358547978975594       0.641452035925568     
   7.35999983549118       0.361373620649779       0.638626298883949     
   7.36999983526766       0.364157157602268       0.635842761931460     
   7.37999983504415       0.366895108921753       0.633104905979408     
   7.38999983482063       0.369584112906219       0.630415925836800     
   7.39999983459711       0.372220569435068       0.627779350098660     
   7.40999983437359       0.374801069122569       0.625198898094876     
   7.41999983415008       0.377322011848122       0.622677955369323     
   7.42999983392656       0.379779678281839       0.620220288935606     
   7.43999983370304       0.382170611354271       0.617829427388749     
   7.44999983347952       0.384490996368095       0.615508994691208     
   7.45999983325601       0.386737304728289       0.613262710172872     
   7.46999983303249       0.388905745579388       0.611094293163632     
   7.47999983280897       0.390992647275219       0.609007367625942     
   7.48999983258545       0.392994552746334       0.607005509838544     
   7.49999983236194       0.394907694979127       0.605092296080176     
   7.50999983213842       0.396728569220432       0.603271397997013     
   7.51999983191490       0.398453766084518       0.601546296500359     
   7.52999983169138       0.400079733134504       0.599920281766657     
   7.53999983146787       0.401603227877665       0.598396739339780     
   7.54999983124435       0.403021103188710       0.596978911712451     
   7.55999983102083       0.404330164258631       0.595669946009963     
   7.56999983079731       0.405527502380721       0.594472512520440     
   7.57999983057380       0.406610351899420       0.593389615318024     
   7.58999983035028       0.407576185577753       0.592423829323408     
   7.59999983012676       0.408422333127593       0.591577729457285     
   7.60999982990324       0.409146839516563       0.590853223068315     
   7.61999982967973       0.409747606661135       0.590252312872593     
   7.62999982945621       0.410222917947515       0.589777096953647     
   7.63999982923269       0.410571342864205       0.589428624353239     
   7.64999982900918       0.410791593950862       0.589208420950300     
   7.65999982878566       0.410882765216869       0.589117202000576     
   7.66999982856214       0.410844379825061       0.589155587392383     
   7.67999982833862       0.410676103989424       0.589323910911737     
   7.68999982811511       0.410377937709956       0.589622077191205     
   7.69999982789159       0.409950357823824       0.590049657077337     
   7.70999982766807       0.409394031903059       0.590605935314386     
   7.71999982744455       0.408710199724290       0.591289719809438     
   7.72999982722104       0.407900387166446       0.592099532367282     
   7.73999982699752       0.406966453894473       0.593033561006688     
   7.74999982677400       0.405910593359330       0.594089326174398     
   7.75999982655048       0.404735666584010       0.595264348317151     
   7.76999982632697       0.403444582275220       0.596555432625941     
   7.77999982610345       0.402040869027985       0.597959145873176     
   7.78999982587993       0.400528532274492       0.599471482626669     
   7.79999982565641       0.398911577446931       0.601088342086797     
   7.80999982543290       0.397194820600671       0.602805146616774     
   7.81999982520938       0.395383268525947       0.604616746375214     
   7.82999982498586       0.393482214115295       0.606517705418433     
   7.83999982476234       0.391497474782131       0.608502540119030     
   7.84999982453883       0.389435082516597       0.610564956226423     
   7.85999982431531       0.387301498462282       0.612698468755163     
   7.86999982409179       0.385103446023217       0.614896545036085     
   7.87999982386827       0.382847743970867       0.617152270930294     
   7.88999982364476       0.380541950174301       0.619458017043144     
   7.89999982342124       0.378193384084007       0.621806678500871     
   7.90999982319772       0.375809770462062       0.624190244439099     
   7.91999982297421       0.373399144014703       0.626600847044600     
   7.92999982275069       0.370969539448165       0.629030523136713     
   7.93999982252717       0.368529086836116       0.631470880381329     
   7.94999982230365       0.366086297721957       0.633913669495488     
   7.95999982208014       0.363649421388647       0.636350545828797     
   7.96999982185662       0.361227017063305       0.638772973995998     
   7.97999982163310       0.358827453238181       0.641172466295547     
   7.98999982140958       0.356459265298534       0.643540678077052     
   7.99999982118607       0.354130702527325       0.645869312373836     
   8.00999982096255       0.351850181100520       0.648149833800641     
   8.01999982073903       0.349625831091789       0.650374088441939     
   8.02999982051551       0.347465663365508       0.652534303851937     
   8.03999982029200       0.345377450367472       0.654622469166256     
   8.04999982006848       0.343368916859760       0.656631098041402     
   8.05999981984496       0.341447310767283       0.658552656450162     
   8.06999981962144       0.339619665438230       0.660380277937357     
   8.07999981939793       0.337892918853356       0.662107000680372     
   8.08999981917441       0.336273293737669       0.663726816530925     
   8.09999981895089       0.334766869765026       0.665233049768702     
   8.10999981872737       0.333379392823270       0.666620645919750     
   8.11999981850386       0.332115941228210       0.667884073672951     
   8.12999981828034       0.330981450244508       0.669018660024086     
   8.13999981805682       0.329979996829927       0.670019922703801     
   8.14999981783330       0.329115586416656       0.670884428484506     
   8.15999981760979       0.328391413813701       0.671608553403743     
   8.16999981738627       0.327810316202198       0.672189770224538     
   8.17999981716275       0.327374487033106       0.672625551709913     
   8.18999981693923       0.327085595236504       0.672914324297224     
   8.19999981671572       0.326944761379730       0.673055181995856     
   8.20999981649220       0.326952557667383       0.673047266498912     
   8.21999981626868       0.327108960257604       0.672891102327274     
   8.22999981604517       0.327413230052787       0.672586641797224     
   8.23999981582165       0.327864174960020       0.672135839941141     
   8.24999981559813       0.328460006839931       0.671540031903088     
   8.25999981537461       0.329198222297403       0.670801697236325     
   8.26999981515110       0.330075912625729       0.669924078433574     
   8.27999981492758       0.331089430020592       0.668910656406144     
   8.28999981470406       0.332234482947506       0.667765436586222     
   8.29999981448054       0.333506446085966       0.666493521131478     
   8.30999981425703       0.334899931176006       0.665100012199581     
   8.31999981403351       0.336409120804207       0.663590822571379     
   8.32999981380999       0.338027625352556       0.661972341864889     
   8.33999981358647       0.339748482998438       0.660251531902723     
   8.34999981336296       0.341564326607649       0.658435640609795     
   8.35999981313944       0.343467216841388       0.656532678850482     
   8.36999981291592       0.345448952100410       0.654551086642609     
   8.37999981269240       0.347500663213442       0.652499351687720     
   8.38999981246889       0.349613337958058       0.650386533891954     
   8.39999981224537       0.351777415749094       0.648222551468351     
   8.40999981202185       0.353983121424662       0.646016893476499     
   8.41999981179833       0.356220393720573       0.643779573496872     
   8.42999981157482       0.358478837586624       0.641521177314537     
   8.43999981135130       0.360747914921461       0.639252147663417     
   8.44999981112778       0.363016944572582       0.636983118012296     
   8.45999981090426       0.365275150020050       0.634724817197394     
   8.46999981068075       0.367511611692780       0.632488498575814     
   8.47999981045723       0.369715362335970       0.630284700248907     
   8.48999981023371       0.371875577745968       0.628124437155194     
   8.49999981001019       0.373981409877262       0.626018628865758     
   8.50999980978668       0.376022249102924       0.623977765798237     
   8.51999980956316       0.377987485796027       0.622012576788851     
   8.52999980933964       0.379866939483090       0.620133027734354     
   8.53999980911613       0.381650811160368       0.618349132215219     
   8.54999980889261       0.383329254140396       0.616670856128199     
   8.55999980866909       0.384893136991458       0.615106877909703     
   8.56999980844557       0.386333709751572       0.613666257465873     
   8.57999980822206       0.387642818505210       0.612357148712235     
   8.58999980799854       0.388812643122861       0.611187324094583     
   8.59999980777502       0.389836126414480       0.610163888486682     
   8.60999980755150       0.390706926445766       0.609293183822828     
   8.61999980732799       0.391419130435871       0.608580836781574     
   8.62999980710447       0.391967874645708       0.608032140255453     
   8.63999980688095       0.392348819857073       0.607651147360372     
   8.64999980665743       0.392558652051667       0.607441339007636     
   8.65999980643392       0.392594677099506       0.607405385485372     
   8.66999980621040       0.392455226070512       0.607544812672508     
   8.67999980598688       0.392139392974070       0.607860669610808     
   8.68999980576336       0.391647273177613       0.608352860932840     
   8.69999980553985       0.390979844197330       0.609020146861972     
   8.70999980531633       0.390138894172592       0.609861096886711     
   8.71999980509281       0.389127307968248       0.610872659249196     
   8.72999980486929       0.387948781072330       0.612051114619540     
   8.73999980464578       0.386607938805341       0.613392028412104     
   8.74999980442226       0.385110097901673       0.614889916999488     
   8.75999980419874       0.383461767188635       0.616538200028810     
   8.76999980397522       0.381670099223705       0.618329915677457     
   8.77999980375171       0.379742961820110       0.620256910029902     
   8.78999980352819       0.377689319516559       0.622310695384602     
   8.79999980330467       0.375518375270342       0.624481639630819     
   8.80999980308115       0.373240428764230       0.626759586136931     
   8.81999980285764       0.370866137308868       0.629133949117868     
   8.82999980263412       0.368406921154364       0.631593093746798     
   8.83999980241060       0.365874415127552       0.634125623615468     
   8.84999980218709       0.363281064678446       0.636718807171565     
   8.85999980196357       0.360639529833787       0.639360437383658     
   8.86999980174005       0.357962565987744       0.642037496597133     
   8.87999980151653       0.355263500739090       0.644736442636496     
   8.88999980129302       0.352555661686594       0.647444257847134     
   8.89999980106950       0.349852495638318       0.650147447737268     
   8.90999980084598       0.347167449402324       0.652832517815121     
   8.91999980062246       0.344514041312248       0.655485973588913     
   8.92999980039895       0.341905432073853       0.658094511301734     
   8.93999980017543       0.339354853918476       0.660645208666402     
   8.94999979995191       0.336875109924005       0.663124761926007     
   8.95999979972839       0.334478812433463       0.665521250151414     
   8.96999979950488       0.332178168478283       0.667821894106595     
   8.97999979928136       0.329984717517863       0.670015154332148     
   8.98999979905784       0.327909951327889       0.672089968205839     
   8.99999979883432       0.325964455693430       0.674035559207731     
   9.00999979861081       0.324158291878675       0.675841770706203     
   9.01999979838729       0.322500901259495       0.677499113641666     
   9.02999979816377       0.321001057639734       0.678998909577711     
   9.03999979794025       0.319666867251200       0.680333099966244     
   9.04999979771674       0.318505721069958       0.681494389198637     
   9.05999979749322       0.317524008714020       0.682475958503424     
   9.06999979726970       0.316727690647955       0.683272276569490     
   9.07999979704618       0.316121678294564       0.683878336606597     
   9.08999979682267       0.315710215504620       0.684289894763975     
   9.09999979659915       0.315496568612703       0.684503422446600     
   9.10999979637563       0.315483479432515       0.684516535468646     
   9.11999979615211       0.315672664577852       0.684327374165168     
   9.12999979592860       0.316065125406759       0.683934889494402     
   9.13999979570508       0.316661171863394       0.683338843037767     
   9.14999979548156       0.317460207901302       0.682539759316143     
   9.15999979525805       0.318461136795001       0.681538878106160     
   9.16999979503453       0.319661979670256       0.680338059072763     
   9.17999979481101       0.321060137764515       0.678939829452929     
   9.18999979458749       0.322652440110630       0.677347574790531     
   9.19999979436398       0.324435048169420       0.675564871364308     
   9.20999979414046       0.326403670406396       0.673596201443615     
   9.21999979391694       0.328553443082473       0.671446524134971     
   9.22999979369342       0.330878954095825       0.669120989279762     
   9.23999979346991       0.333374481400467       0.666625509658836     
   9.24999979324639       0.336033969164401       0.663965998053044     
   9.25999979302287       0.338850837034745       0.661149082498984     
   9.26999979279935       0.341818385449326       0.658181581768119     
   9.27999979257584       0.344929509534381       0.655070505366780     
   9.28999979235232       0.348177032890574       0.651823005852446     
   9.29999979212880       0.351553636067415       0.648446426517463     
   9.30999979190528       0.355051761195835       0.644948253705326     
   9.31999979168177       0.358663850406764       0.641336069126965     
   9.32999979145825       0.362382393514848       0.637617597544455     
   9.33999979123473       0.366199665758009       0.633800277617578     
   9.34999979101121       0.370108228476468       0.629891691057260     
   9.35999979078770       0.374100547643014       0.625899419574431     
   9.36999979056418       0.378169351490875       0.621830663410286     
   9.37999979034066       0.382307344411423       0.617692575122305     
   9.38999979011714       0.386507564582043       0.613492402635401     
   9.39999978989363       0.390763002496406       0.609237012404755     
   9.40999978967011       0.395067268536497       0.604932794048381     
   9.41999978944659       0.399413830033151       0.600586184868011     
   9.42999978922307       0.403796583470651       0.596203336063077     
   9.43999978899956       0.408209663751865       0.591790208098146     
   9.44999978877604       0.412647634933109       0.587352379968053     
   9.45999978855252       0.417105108754413       0.582894906146748     
   9.46999978832901       0.421577173792976       0.578422793424469     
   9.47999978810549       0.426059157044577       0.573940810172868     
   9.48999978788197       0.430546957709595       0.569453057191566     
   9.49999978765845       0.435036379620975       0.564963635280186     
   9.50999978743494       0.439523798816261       0.560476216084901     
   9.51999978721142       0.444005925119011       0.555994042098433     
   9.52999978698790       0.448479706771369       0.551520260446075     
   9.53999978676438       0.452942521168925       0.547057493732236     
   9.54999978654087       0.457391888758419       0.542608126142742     
   9.55999978631735       0.461825711456324       0.538174255761120     
   9.56999978609383       0.466242224965129       0.533757694568600     
   9.57999978587031       0.470639808038470       0.529360206862691     
   9.58999978564680       0.475017173216003       0.524982746317725     
   9.59999978542328       0.479373462190829       0.520626505026616     
   9.60999978519976       0.483707816656050       0.516292198245111     
   9.61999978497624       0.488019569039636       0.511980445861525     
   9.62999978475273       0.492308290188138       0.507691677029307     
   9.63999978452921       0.496574027785272       0.503425939432173     
   9.64999978430569       0.500816543412455       0.499183423804990     
   9.65999978408217       0.505036170855703       0.494963796361741     
   9.66999978385866       0.509232957798734       0.490766961734995     
   9.67999978363514       0.513407428762427       0.486592490771301     
   9.68999978341162       0.517560012900233       0.482439906633495     
   9.69999978318810       0.521691282416750       0.478308684800695     
   9.70999978296459       0.525801761832859       0.474198253068302     
   9.71999978274107       0.529891975669443       0.470107943864285     
   9.72999978251755       0.533962925284548       0.466037089616613     
   9.73999978229403       0.538014706045608       0.461985165804403     
   9.74999978207052       0.542048462361819       0.457951504855625     
   9.75999978184700       0.546064528019198       0.453935439198247     
   9.76999978162348       0.550063332171192       0.449936682729970     
   9.77999978139997       0.554045399338683       0.445954520195045     
   9.78999978117645       0.558011110991405       0.441988951593473     
   9.79999978095293       0.561960610180506       0.438039404720655     
   9.80999978072941       0.565893992273420       0.434106022627741     
   9.81999978050590       0.569811066535280       0.430188948365881     
   9.82999978028238       0.573711689914937       0.426288324986224     
   9.83999978005886       0.577595433258942       0.422404581642219     
   9.84999977983534       0.581461676678980       0.418538290538464     
   9.85999977961183       0.585309561868154       0.414690500716723     
   9.86999977938831       0.589137944417267       0.410862070483894     
   9.87999977916479       0.592945489182256       0.407054430351472     
   9.88999977894127       0.596730765651625       0.403269153882103     
   9.89999977871776       0.600491914160429       0.399508100740732     
   9.90999977849424       0.604226645890275       0.395773345169028     
   9.91999977827072       0.607932672022770       0.392067295194675     
   9.92999977804720       0.611607322269787       0.388392692631374     
   9.93999977782369       0.615247449506036       0.384752541553267     
   9.94999977760017       0.618849858922509       0.381150108294936     
   9.95999977737665       0.622410783505600       0.377589207553703     
   9.96999977715313       0.625926408557987       0.374073630185032     
   9.97999977692962       0.629392251810316       0.370607763090845     
   9.98999977670610       0.632803783309516       0.367196136224212     
   9.99999977648258       0.636156187000218       0.363843780217227     
