  0.000000000000000E+000   1.00000001490116       0.000000000000000E+000
  9.999999776482582E-003  0.999900069831313       9.998821336758452E-005
  1.999999955296516E-002  0.999600139254333       3.998053319723208E-004
  2.999999932944775E-002  0.999100890742255       8.989822253433200E-004
  3.999999910593033E-002  0.998403182601976       1.596673974345236E-003
  4.999999888241291E-002  0.997508254610125       2.491604760164093E-003
  5.999999865889549E-002  0.996418014115363       3.581997433036527E-003
  6.999999843537807E-002  0.995134463833786       4.865508226536336E-003
  7.999999821186066E-002  0.993660750890683       6.339149271535116E-003
  8.999999798834324E-002  0.992000880718244       7.999219119537160E-003
  9.999999776482582E-002  0.990158763381224       9.841220227498115E-003
  0.109999997541308       0.988140120925607       1.185978445201791E-002
  0.119999997317791       0.985951342969408       1.404860636664340E-002
  0.129999997094274       0.983599582070106       1.640037173629361E-002
  0.139999996870756       0.981093230561811       1.890670536319472E-002
  0.149999996647239       0.978441825187829       2.155812265810553E-002
  0.159999996423721       0.975655951733231       2.434400058305264E-002
  0.169999996200204       0.972747435759715       2.725255827982065E-002
  0.179999995976686       0.969729247238178       3.027085706995214E-002
  0.189999995753169       0.966615119078980       3.338483323730279E-002
  0.199999995529652       0.963420596173712       3.657932336001579E-002
  0.209999995306134       0.960161890985994       3.983814179656120E-002
  0.219999995082617       0.956855788184043       4.314420287525955E-002
  0.229999994859099       0.953520407580143       4.647957453846296E-002
  0.239999994635582       0.950174345823740       4.982566311695669E-002
  0.249999994412065       0.946836676401446       5.316336234157326E-002
  0.259999994188547       0.943526854269606       5.647324407805865E-002
  0.269999993965030       0.940264239017132       5.973569243752497E-002
  0.279999993741512       0.937068762437534       6.293127630548589E-002
  0.289999993517995       0.933959116547690       6.604079106510863E-002
  0.299999993294477       0.930954374834215       6.904558046230047E-002
  0.309999993070960       0.928072180272224       7.192778694522062E-002
  0.319999992847443       0.925329412897369       7.467059008286281E-002
  0.329999992623925       0.922741522233807       7.725837941852776E-002
  0.339999992400408       0.920323004131362       7.967702269072863E-002
  0.349999992176890       0.918086065621466       8.191401484480521E-002
  0.359999991953373       0.916041197121757       8.395873433290024E-002
  0.369999991729856       0.914197363170942       8.580258020464449E-002
  0.379999991506338       0.912560953387036       8.743901383040864E-002
  0.389999991282821       0.911136259304527       8.886374963616950E-002
  0.399999991059303       0.909925283639510       9.007476702443906E-002
  0.409999990835786       0.908927549554818       9.107232825565825E-002
  0.419999990612268       0.908140958966925       9.185903209237800E-002
  0.429999990388751       0.907560362034445       9.243962902485769E-002
  0.439999990165234       0.907178892302198       9.282106895478170E-002
  0.449999989941716       0.906987775966343       9.301222105342477E-002
  0.459999989718199       0.906976141139509       9.302384991979373E-002
  0.469999989494681       0.907131590055400       9.286835928065118E-002
  0.479999989271164       0.907440389803654       9.255954165100366E-002
  0.489999989047647       0.907887663064713       9.211239355970013E-002
  0.499999988824129       0.908457197374958       9.154282348666820E-002
  0.509999988600612       0.909132589535901       9.086738960247320E-002
  0.519999988377094       0.909897054879323       9.010295406137336E-002
  0.529999988153577       0.910733236532408       8.926663531760326E-002
  0.539999987930059       0.911624826664102       8.837522399984632E-002
  0.549999987706542       0.912554945238753       8.744514118798286E-002
  0.559999987483025       0.913507856629906       8.649209270614522E-002
  0.569999987259507       0.914468969620302       8.553100951807213E-002
  0.579999987035990       0.915424360564714       8.457560665273078E-002
  0.589999986812472       0.916361440961978       8.363849049267902E-002
  0.599999986588955       0.917269243557293       8.273075942293939E-002
  0.609999986365438       0.918137754770186       8.186216476354247E-002
  0.619999986141920       0.918959059103713       8.104087831140872E-002
  0.629999985918403       0.919726385470128       8.027351022174223E-002
  0.639999985694885       0.920434774762910       7.956516265221181E-002
  0.649999985471368       0.921080603019604       7.891936419784074E-002
  0.659999985247850       0.921661581421816       7.833826658633747E-002
  0.669999985024333       0.922177328499814       7.782262083623737E-002
  0.679999984800816       0.922628034988463       7.737193818944599E-002
  0.689999984577298       0.923015417501560       7.698462124145955E-002
  0.699999984353781       0.923341860224930       7.665811295297909E-002
  0.709999984130263       0.923610891753597       7.638899797780807E-002
  0.719999983906746       0.923826803622049       7.617321127911225E-002
  0.729999983683228       0.923993887364773       7.600619906196293E-002
  0.739999983459711       0.924116911353423       7.588299625937633E-002
  0.749999983236194       0.924201502266548       7.579848879275453E-002
  0.759999983012676       0.924252523843236       7.574741357188541E-002
  0.769999982789159       0.924275412027171       7.572460883445453E-002
  0.779999982565641       0.924275030557439       7.572496050186395E-002
  0.789999982342124       0.924256243173126       7.574372404431884E-002
  0.799999982118607       0.924223627511019       7.577641123200074E-002
  0.809999981895089       0.924181189003306       7.581882589785494E-002
  0.819999981671572       0.924132742347311       7.586734407942508E-002
  0.829999981448054       0.924081339300891       7.591860407469575E-002
  0.839999981224537       0.924030126989337       7.596985214903729E-002
  0.849999981001019       0.923981298863609       7.601866835383575E-002
  0.859999980777502       0.923936857639802       7.606311553810707E-002
  0.869999980553985       0.923898233829412       7.610169166478054E-002
  0.879999980330467       0.923866667209069       7.613320464094286E-002
  0.889999980106950       0.923843016085669       7.615689748759413E-002
  0.899999979883432       0.923827757296380       7.617223972338794E-002
  0.909999979659915       0.923820890841199       7.617900485067075E-002
  0.919999979436398       0.923822702822427       7.617721671130084E-002
  0.929999979212880       0.923833097872631       7.616697663317584E-002
  0.939999978989363       0.923851408419779       7.614861840231146E-002
  0.949999978765845       0.923877539096438       7.612254136983365E-002
  0.959999978542328       0.923910917698009       7.608920449151402E-002
  0.969999978318810       0.923950876652462       7.604909056498244E-002
  0.979999978095293       0.923997129857497       7.600271219019161E-002
  0.989999977871776       0.924049581945681       7.595055216477142E-002
  0.999999977648258       0.924106993140384       7.589306944449348E-002
   1.00999997742474       0.924169363441607       7.583065145955459E-002
   1.01999997720122       0.924236311379616       7.576364987736417E-002
   1.02999997697771       0.924307646219546       7.569235080022141E-002
   1.03999997675419       0.924382891124232       7.561695688392156E-002
   1.04999997653067       0.924462332195972       7.553762310054335E-002
   1.05999997630715       0.924545397230169       7.545440905473244E-002
   1.06999997608364       0.924632563063987       7.536734454881167E-002
   1.07999997586012       0.924723543595128       7.527636401767079E-002
   1.08999997563660       0.924818624925891       7.518138997527046E-002
   1.09999997541308       0.924917807056275       7.508221976581542E-002
   1.10999997518957       0.925021376088580       7.497867457536866E-002
   1.11999997496605       0.925129522757672       7.487053982720582E-002
   1.12999997474253       0.925242437798417       7.475751153763399E-002
   1.13999997451901       0.925360598047980       7.463932744621227E-002
   1.14999997429550       0.925484289608661       7.451564184599579E-002
   1.15999997407198       0.925613893950192       7.438613287189799E-002
   1.16999997384846       0.925749601807439       7.425044885650944E-002
   1.17999997362494       0.925891699282701       7.410826793474357E-002
   1.18999997340143       0.926040663213143       7.395922651826181E-002
   1.19999997317791       0.926196970435932       7.380295505826107E-002
   1.20999997295439       0.926360907053365       7.363909592686735E-002
   1.21999997273088       0.926532759167742       7.346731533806494E-002
   1.22999997250736       0.926712812881362       7.328726758490900E-002
   1.23999997228384       0.926901258929092       7.309862484184837E-002
   1.24999997206032       0.927098860250396       7.290104736240277E-002
   1.25999997183681       0.927305712212707       7.269420732102105E-002
   1.26999997161329       0.927522100918324       7.247783649679773E-002
   1.27999997138977       0.927748407836980       7.225160110371709E-002
   1.28999997116625       0.927984632968673       7.201525080226734E-002
   1.29999997094274       0.928231634620303       7.176851737154299E-002
   1.30999997071922       0.928488840587271       7.151115047203227E-002
   1.31999997049570       0.928757109176473       7.124291764561708E-002
   1.32999997027218       0.929036535755344       7.096361027603759E-002
   1.33999997004867       0.929327024956450       7.067302570749856E-002
   1.34999996982515       0.929628958249523       7.037099704699212E-002
   1.35999996960163       0.929942621736863       7.005740508522695E-002
   1.36999996937811       0.930267920051037       6.973205312687236E-002
   1.37999996915460       0.930605139294343       6.939487560681812E-002
   1.38999996893108       0.930954184099349       6.904578311809573E-002
   1.39999996870756       0.931315245200921       6.868472201652409E-002
   1.40999996848404       0.931688513333924       6.831162673699298E-002
   1.41999996826053       0.932073416293761       6.792651516089609E-002
   1.42999996803701       0.932470526285030       6.752938132776887E-002
   1.43999996781349       0.932879843307731       6.712027888179239E-002
   1.44999996758997       0.933300604422399       6.669926742761234E-002
   1.45999996736646       0.933733477201066       6.626644233266177E-002
   1.46999996714294       0.934177984806567       6.582191088530287E-002
   1.47999996691942       0.934634031871468       6.536582209714981E-002
   1.48999996669590       0.935101713763203       6.489831305888760E-002
   1.49999996647239       0.935580458277173       6.441959238677608E-002
   1.50999996624887       0.936070074678511       6.392986273661050E-002
   1.51999996602535       0.936570658334652       6.342933272465068E-002
   1.52999996580184       0.937081732408430       6.291824672994384E-002
   1.53999996557832       0.937603010797545       6.239689681525373E-002
   1.54999996535480       0.938134398134565       6.186550947823388E-002
   1.55999996513128       0.938675608317190       6.132439466304174E-002
   1.56999996490777       0.939226164508256       6.077386231383475E-002
   1.57999996468425       0.939785780605462       6.021419853291210E-002
   1.58999996446073       0.940354265873943       5.964573710628951E-002
   1.59999996423721       0.940931334211399       5.906878797812443E-002
   1.60999996401370       0.941516318045799       5.848369089489713E-002
   1.61999996379018       0.942109122009711       5.789075580076508E-002
   1.62999996356666       0.942709746103134       5.729030456081485E-002
   1.63999996334314       0.943317236651737       5.668267096106216E-002
   1.64999996311963       0.943931879757820       5.606818282705817E-002
   1.65999996289611       0.944552817114484       5.544715010296031E-002
   1.66999996267259       0.945179953354298       5.481987081199691E-002
   1.67999996244907       0.945813383844694       5.418667874018368E-002
   1.68999996222556       0.946452154911341       5.354784210842611E-002
   1.69999996200204       0.947096266554240       5.290365893995252E-002
   1.70999996177852       0.947745432671091       5.225442129752667E-002
   1.71999996155500       0.948399653261895       5.160039144158945E-002
   1.72999996133149       0.949058165387186       5.094183163258181E-002
   1.73999996110797       0.949720873679532       5.027901009140923E-002
   1.74999996088445       0.950387873506365       4.961217715758348E-002
   1.75999996066093       0.951058401928222       4.894158913108093E-002
   1.76999996043742       0.951732458945102       4.826749635141336E-002
   1.77999996021390       0.952409853822139       4.759012233600202E-002
   1.78999995999038       0.953090109722169       4.690975020691379E-002
   1.79999995976686       0.953773322012623       4.622662136296363E-002
   1.80999995954335       0.954459109223770       4.554099806459244E-002
   1.81999995931983       0.955146803783578       4.485315747340257E-002
   1.82999995909631       0.955836501059480       4.416337079053179E-002
   1.83999995887280       0.956528010316610       4.347196584153123E-002
   1.84999995864928       0.957220854717804       4.277925555079065E-002
   1.85999995842576       0.957914557425894       4.208558860548717E-002
   1.86999995820224       0.958608546236285       4.139133455442390E-002
   1.87999995797873       0.959303107251273       4.069691957081734E-002
   1.88999995775521       0.959997382163962       4.000274896625799E-002
   1.89999995753169       0.960690703402321       3.930932938023401E-002
   1.90999995730817       0.961382880231483       3.861714659060755E-002
   1.91999995708466       0.962073149711983       3.792677280197698E-002
   1.92999995686114       0.962761225741524       3.723878915963752E-002
   1.93999995663762       0.963446154645773       3.655383641353005E-002
   1.94999995641410       0.964127364220133       3.587259107638285E-002
   1.95999995619059       0.964804091525139       3.519579820626673E-002
   1.96999995596707       0.965475764356192       3.452419094032333E-002
   1.97999995574355       0.966141333671530       3.385859778312739E-002
   1.98999995552003       0.966800131899120       3.319986810087960E-002
   1.99999995529652       0.967451109997199       3.254888702256808E-002
   2.00999995507300       0.968093314291437       3.190657543996833E-002
   2.01999995484948       0.968725981842368       3.127388404717868E-002
   2.02999995462596       0.969348254343096       3.065177843945888E-002
   2.03999995440245       0.969958701282124       3.004126593532064E-002
   2.04999995417893       0.970556655087421       2.944334491257883E-002
   2.05999995395541       0.971141066717223       2.885902268974516E-002
   2.06999995373189       0.971710601027468       2.828933042718962E-002
   2.07999995350838       0.972264590446123       2.773526352249478E-002
   2.08999995328486       0.972802272033725       2.719781141277866E-002
   2.09999995306134       0.973322215278777       2.667793671306873E-002
   2.10999995283782       0.973823466506950       2.617656925583733E-002
   2.11999995261431       0.974305358146211       2.569460311076943E-002
   2.12999995239079       0.974767127257095       2.523286976267203E-002
   2.13999995216727       0.975207724797841       2.479215003240332E-002
   2.14999995194376       0.975626769298714       2.437316811640811E-002
   2.15999995172024       0.976023497820250       2.397654688323358E-002
   2.16999995149672       0.976397052055553       2.360285555724584E-002
   2.17999995127320       0.976747336637189       2.325255309421648E-002
   2.18999995104969       0.977073970095425       2.292603437492302E-002
   2.19999995082617       0.977376380225664       2.262356762027096E-002
   2.20999995060265       0.977654567027905       2.234533462442956E-002
   2.21999995037913       0.977908530502148       2.209140691297362E-002
   2.22999995015562       0.978137984546095       2.186175617369646E-002
   2.23999994993210       0.978343692099209       2.165624233568075E-002
   2.24999994970858       0.978525367059191       2.147462400011158E-002
   2.25999994948506       0.978683486263208       2.131654651934722E-002
   2.26999994926155       0.978818431180990       2.118156285854522E-002
   2.27999994903803       0.978930869384570       2.106913806601074E-002
   2.28999994881451       0.979021373078545       2.097862990168675E-002
   2.29999994859099       0.979090705202381       2.090931863947687E-002
   2.30999994836748       0.979139533328109       2.086039514631621E-002
   2.31999994814396       0.979168906497492       2.083099813507494E-002
   2.32999994792044       0.979179778384861       2.082020075351299E-002
   2.33999994769692       0.979172911929680       2.082701356451233E-002
   2.34999994747341       0.979149642276013       2.085040838793528E-002
   2.35999994724989       0.979110541628458       2.088934065236658E-002
   2.36999994702637       0.979057231233377       2.094271959279059E-002
   2.37999994680285       0.978990569397666       2.100946785523694E-002
   2.38999994657934       0.978911605163091       2.108848722410928E-002
   2.39999994635582       0.978821196836549       2.117870034543723E-002
   2.40999994613230       0.978721061031834       2.127905221699256E-002
   2.41999994590878       0.978611388483813       2.138850422782457E-002
   2.42999994568527       0.978493991173714       2.150606992104753E-002
   2.43999994546175       0.978369250571269       2.163080158279540E-002
   2.44999994523823       0.978238120350809       2.176181110384778E-002
   2.45999994501472       0.978101744921531       2.189826103893311E-002
   2.46999994479120       0.977960601120600       2.203940483986444E-002
   2.47999994456768       0.977815356520047       2.218454066193909E-002
   2.48999994434416       0.977666869426770       2.233305606742286E-002
   2.49999994412065       0.977515616677934       2.248442206508550E-002
   2.50999994389713       0.977361789008405       2.263820056078136E-002
   2.51999994367361       0.977205958622783       2.279401753535892E-002
   2.52999994345009       0.977048316255932       2.295159731733198E-002
   2.53999994322658       0.976889148010152       2.311077003346040E-002
   2.54999994300306       0.976728453885443       2.327142541514970E-002
   2.55999994277954       0.976566519984104       2.343354856123847E-002
   2.56999994255602       0.976402678734104       2.359722887869520E-002
   2.57999994233251       0.976237406972608       2.376261090878562E-002
   2.58999994210899       0.976070037127585       2.392994797125381E-002
   2.59999994188547       0.975900378464168       2.409956491141863E-002
   2.60999994166195       0.975728240247491       2.427186555075445E-002
   2.61999994143844       0.975552573435792       2.444733268689114E-002
   2.62999994121492       0.975373282661636       2.462652660349796E-002
   2.63999994099140       0.975189986455291       2.481007612958663E-002
   2.64999994076788       0.975001254305262       2.499869205055671E-002
   2.65999994054437       0.974806800109249       2.519313730587269E-002
   2.66999994032085       0.974605765560355       2.539426722219984E-002
   2.67999994009733       0.974397101616816       2.560298779015224E-002
   2.68999993987381       0.974179663869435       2.582027950615107E-002
   2.69999993965030       0.973952880113615       2.604718247126314E-002
   2.70999993942678       0.973715224470425       2.628482023305923E-002
   2.71999993920326       0.973465743265535       2.653437296352346E-002
   2.72999993897974       0.973202910620017       2.679708043928564E-002
   2.73999993875623       0.972925582124674       2.707426588347950E-002
   2.74999993853271       0.972632613370308       2.736732404481357E-002
   2.75999993830919       0.972322192375692       2.767770927664204E-002
   2.76999993808568       0.971992888629330       2.800695341835846E-002
   2.77999993786216       0.971643176252293       2.835667175586032E-002
   2.78999993763864       0.971271433998218       2.872855706108446E-002
   2.79999993741512       0.970875563783579       2.912437363154252E-002
   2.80999993719161       0.970454039729447       2.954598113217921E-002
   2.81999993696809       0.970004477649994       2.999531075351403E-002
   2.82999993674457       0.969525542401158       3.047439501396410E-002
   2.83999993652105       0.969014563694813       3.098534987845047E-002
   2.84999993629754       0.968469634182298       3.153037773863043E-002
   2.85999993607402       0.967888178942921       3.211178529429115E-002
   2.86999993585050       0.967268004525721       3.273198057311744E-002
   2.87999993562698       0.966606536010005       3.339343716790433E-002
   2.88999993540347       0.965901198475080       3.409876576213189E-002
   2.89999993517995       0.965149226265389       3.485063962415813E-002
   2.90999993495643       0.964348139827671       3.565186315256152E-002
   2.91999993473291       0.963494696669201       3.650530333079849E-002
   2.92999993450940       0.962586035766989       3.741394337138448E-002
   2.93999993428588       0.961619200730610       3.838084993333890E-002
   2.94999993406236       0.960590758332472       3.940917908264963E-002
   2.95999993383884       0.959497847549585       4.050218523296989E-002
   2.96999993361533       0.958336844419492       4.166317048166945E-002
   2.97999993339181       0.957104315714602       4.289555911564169E-002
   2.98999993316829       0.955797018942192       4.420279330317367E-002
   2.99999993294477       0.954411711609538       4.558840461952096E-002
   3.00999993272126       0.952944006814718       4.705598722481708E-002
   3.01999993249774       0.951390852799875       4.860913229896324E-002
   3.02999993227422       0.949748434867686       5.025150850790006E-002
   3.03999993205070       0.948013129055695       5.198679047803267E-002
   3.04999993182719       0.946181311401446       5.381866773692767E-002
   3.05999993160367       0.944249262575049       5.575080000982879E-002
   3.06999993138015       0.942213072511748       5.778685894290891E-002
   3.07999993115664       0.940069498718820       5.993045657769525E-002
   3.08999993093312       0.937814821866375       6.218520495571500E-002
   3.09999993070960       0.935445227257091       6.455457306734580E-002
   3.10999993048608       0.932957949235409       6.704201798203613E-002
   3.11999993026257       0.930349077736572       6.965088948087228E-002
   3.12999993003905       0.927615656370158       7.238435257053899E-002
   3.13999992981553       0.924754347276007       7.524557225772099E-002
   3.14999992959201       0.921762575533428       7.823743340726841E-002
   3.15999992936850       0.918637289384563       8.136270167474002E-002
   3.16999992914498       0.915376009276152       8.462400562500960E-002
   3.17999992892146       0.911976160287502       8.802367579972259E-002
   3.18999992869794       0.908436025804818       9.156391757076854E-002
   3.19999992847443       0.904753317009707       9.524662636587955E-002
   3.20999992825091       0.900926412655807       9.907352475931530E-002
   3.21999992802739       0.896953882231621       0.103046013460249     
   3.22999992780387       0.892834772062820       0.107165218996483     
   3.23999992758036       0.888567937740206       0.111432053319097     
   3.24999992735684       0.884152997794047       0.115847017107114     
   3.25999992713332       0.879589570754611       0.120410432225621     
   3.26999992690980       0.874877751989331       0.125122179465326     
   3.27999992668629       0.870018018335372       0.129981948882072     
   3.28999992646277       0.865010941997333       0.134989060982899     
   3.29999992623925       0.859857381282112       0.140142466726042     
   3.30999992601573       0.854559148170935       0.145440854809297     
   3.31999992579222       0.849117291705568       0.150882603986302     
   3.32999992556870       0.843534100704403       0.156465771145609     
   3.33999992534518       0.837811863985834       0.162188091310681     
   3.34999992512167       0.831953061103121       0.168047001481757     
   3.35999992489815       0.825960266976956       0.174039664477701     
   3.36999992467463       0.819837010202363       0.180163028540656     
   3.37999992445111       0.813586247169766       0.186413696205820     
   3.38999992422760       0.807211887943922       0.192788043510736     
   3.39999992400408       0.800717556487285       0.199282315362726     
   3.40999992378056       0.794107544334345       0.205892399041241     
   3.41999992355704       0.787385809233573       0.212614157983872     
   3.42999992333353       0.780556976505473       0.219443086079405     
   3.43999992311001       0.773625146949666       0.226374724900346     
   3.44999992288649       0.766595661142404       0.233404329916899     
   3.45999992266297       0.759472905985607       0.240527180441129     
   3.46999992243946       0.752261649850929       0.247738388892090     
   3.47999992221594       0.744966994896039       0.255032948479547     
   3.48999992199242       0.737594043278605       0.262405971622556     
   3.49999992176890       0.730147658737714       0.269852308479731     
   3.50999992154539       0.722632895747317       0.277367047628269     
   3.51999992132187       0.715054951832517       0.284945015384928     
   3.52999992109835       0.707418833783549       0.292581228801328     
   3.53999992087483       0.699729357655784       0.300270704929094     
   3.54999992065132       0.691991577923172       0.308008341610556     
   3.55999992042780       0.684210692110817       0.315789322790344     
   3.56999992020428       0.676391134804355       0.323608880096806     
   3.57999991998076       0.668537960477739       0.331461935214131     
   3.58999991975725       0.660655985186338       0.339343982031107     
   3.59999991953373       0.652749738883223       0.347250180650505     
   3.60999991931021       0.644823989940047       0.355175977277398     
   3.61999991908669       0.636883172942447       0.363116794274998     
   3.62999991886318       0.628931913210927       0.371068054006518     
   3.63999991863966       0.620974454596258       0.379025560304903     
   3.64999991841614       0.613015279367794       0.386984640165934     
   3.65999991819263       0.605058869794888       0.394941145106273     
   3.66999991796911       0.597109326677163       0.402890688223998     
   3.67999991774559       0.589171036916539       0.410828882617189     
   3.68999991752207       0.581248292047505       0.418751627486223     
   3.69999991729856       0.573345431288264       0.426654488245465     
   3.70999991707504       0.565466746173303       0.434533268727858     
   3.71999991685152       0.557616385185963       0.442383629715199     
   3.72999991662800       0.549798830595595       0.450201041254417     
   3.73999991640449       0.542018612355271       0.457981354862174     
   3.74999991618097       0.534280212734345       0.465719897534250     
   3.75999991595745       0.526587875583587       0.473412091633858     
   3.76999991573393       0.518946655376951       0.481053407207927     
   3.77999991551042       0.511361034383789       0.488638885149939     
   3.78999991528690       0.503836067078055       0.496163804771957     
   3.79999991506338       0.496376617198834       0.503623302334894     
   3.80999991483986       0.488988025322378       0.511012037262500     
   3.81999991461635       0.481675202871489       0.518324764345955     
   3.82999991439283       0.474443919575869       0.525556190692726     
   3.83999991416931       0.467299277593185       0.532700737307977     
   3.84999991394579       0.460247237388003       0.539752682145725     
   3.85999991372228       0.453293521006309       0.546706398527419     
   3.86999991349876       0.446444136596384       0.553556069039644     
   3.87999991327524       0.439704853887928       0.560295113329516     
   3.88999991305172       0.433081967131525       0.566918000085920     
   3.89999991282821       0.426581675210322       0.573418292007123     
   3.90999991260469       0.420210129323753       0.579789885577409     
   3.91999991238117       0.413973576038682       0.586026295811330     
   3.92999991215765       0.407878595707992       0.592121466876886     
   3.93999991193414       0.401931101112531       0.598068961472347     
   3.94999991171062       0.396137338819166       0.603862580714562     
   3.95999991148710       0.390503483869187       0.609496507190116     
   3.96999991126359       0.385035449043444       0.614964494332142     
   3.97999991104007       0.379739004071638       0.620261010829523     
   3.98999991081655       0.374619656423027       0.625380430003709     
   3.99999991059303       0.369682555938997       0.630317458962164     
   4.00999991036952       0.364932780935359       0.635067186282086     
   4.01999991014600       0.360374789839607       0.639625177377837     
   4.02999990992248       0.356012778818798       0.643987093031214     
   4.03999990969896       0.351850419519103       0.648149500014625     
   4.04999990947545       0.347891002116963       0.652108965100481     
   4.05999990925193       0.344137053849355       0.655862961051806     
   4.06999990902841       0.340590720483522       0.659409294417639     
   4.07999990880489       0.337253480214677       0.662746534686484     
   4.08999990858138       0.334126215191576       0.665873728184010     
   4.09999990835786       0.331209139990943       0.668790827226502     
   4.10999990813434       0.328501777775612       0.671498213283691     
   4.11999990791082       0.326003031820104       0.673996887713624     
   4.12999990768731       0.323711161668765       0.676288805548680     
   4.13999990746379       0.321623640084619       0.678376398658401     
   4.14999990724027       0.319737415309808       0.680262528065779     
   4.15999990701675       0.318048744172584       0.681951294570435     
   4.16999990679324       0.316553263612885       0.683446703604560     
   4.17999990656972       0.315246133733483       0.684753809642103     
   4.18999990634620       0.314121847065119       0.685878096310468     
   4.19999990612268       0.313174538510658       0.686825381023070     
   4.20999990589917       0.312397818452087       0.687602244132790     
   4.21999990567565       0.311784963485374       0.688214979890212     
   4.22999990545213       0.311328940262332       0.688671122322546     
   4.23999990522861       0.311022429332471       0.688977633252406     
   4.24999990500510       0.310857944352298       0.689141999023288     
   4.25999990478158       0.310827832085309       0.689172087448419     
   4.26999990455806       0.310924463136859       0.689075480238728     
   4.27999990433455       0.311140184270444       0.688859759105142     
   4.28999990411103       0.311467270723988       0.688532744177174     
   4.29999990388751       0.311898403047001       0.688101635696018     
   4.30999990366399       0.312426285630856       0.687573681586588     
   4.31999990344048       0.313043742076214       0.686956177457514     
   4.32999990321696       0.313744215872052       0.686255751345392     
   4.33999990299344       0.314521365084072       0.685478602133372     
   4.34999990276992       0.315369086196558       0.684630833337170     
   4.35999990254641       0.316281967107683       0.683718119319053     
   4.36999990232289       0.317254810292345       0.682745228450674     
   4.37999990209937       0.318283038113758       0.681716833736253     
   4.38999990187585       0.319362645139734       0.680637369761428     
   4.39999990165234       0.320489888198523       0.679510126702638     
   4.40999990142882       0.321661834741560       0.678338013266593     
   4.41999990120530       0.322875933690010       0.677124128894867     
   4.42999990098178       0.324130158485922       0.675869856415240     
   4.43999990075827       0.325422911724790       0.674577103176372     
   4.44999990053475       0.326753287416000       0.673246679801444     
   4.45999990031123       0.328120665671239       0.671879396913639     
   4.46999990008771       0.329525141857939       0.670474873043222     
   4.47999989986420       0.330966811343533       0.669033203557628     
   4.48999989964068       0.332446675486068       0.667553291731377     
   4.49999989941716       0.333965759485450       0.666034136206420     
   4.50999989919364       0.335525565378749       0.664474497206129     
   4.51999989897013       0.337127881305335       0.662871990544676     
   4.52999989874661       0.338774853032453       0.661225185710567     
   4.53999989852309       0.340468745536636       0.659531317048241     
   4.54999989829957       0.342212109896721       0.657787905004440     
   4.55999989807606       0.344007592558974       0.655992422342187     
   4.56999989785254       0.345858197597536       0.654141864987341     
   4.57999989762902       0.347766762193542       0.652233228865761     
   4.58999989740551       0.349736361946707       0.650263509903304     
   4.59999989718199       0.351770215507898       0.648229847076980     
   4.60999989695847       0.353871303109397       0.646128568740615     
   4.61999989673495       0.356042771876496       0.643957099973516     
   4.62999989651144       0.358287816618201       0.641712198282960     
   4.63999989628792       0.360609322199364       0.639390621176222     
   4.64999989606440       0.363010292694126       0.636989602997744     
   4.65999989584088       0.365493541441761       0.634506330408250     
   4.66999989561737       0.368061810255972       0.631938180803331     
   4.67999989539385       0.370717650215591       0.629282388527429     
   4.68999989517033       0.373463469348303       0.626536569394716     
   4.69999989494681       0.376301484946929       0.623698529954233     
   4.70999989472330       0.379233699727560       0.620766267489884     
   4.71999989449978       0.382261901829569       0.617738065387876     
   4.72999989427626       0.385387807866749       0.614612111666979     
   4.73999989405274       0.388612609932014       0.611387357285430     
   4.74999989382923       0.391937595485711       0.608062419415450     
   4.75999989360571       0.395363455941729       0.604636582801291     
   4.76999989338219       0.398890906555815       0.601109036819771     
   4.77999989315867       0.402520185746553       0.597479733787175     
   4.78999989293516       0.406251531932526       0.593748435284919     
   4.79999989271164       0.410084635169575       0.589915284364153     
   4.80999989248812       0.414019209355402       0.585980805545759     
   4.81999989226460       0.418054348499393       0.581945523350619     
   4.82999989204109       0.422189385029515       0.577810534504213     
   4.83999989181757       0.426423031485424       0.573576935732021     
   4.84999989159405       0.430754000406772       0.569246062178106     
   4.85999989137053       0.435180527496048       0.564819439721397     
   4.86999989114702       0.439700991506889       0.560298928026839     
   4.87999989092350       0.444313485090635       0.555686482126809     
   4.88999989069998       0.449015719428893       0.550984295472269     
   4.89999989047647       0.453805548754417       0.546194370779311     
   4.90999989025295       0.458680636565099       0.541319378336063     
   4.91999989002943       0.463638407940245       0.536361559277200     
   4.92999988980591       0.468676287959163       0.531323631574566     
   4.93999988958240       0.473791701701160       0.526208217832568     
   4.94999988935888       0.478981931194394       0.521018036023051     
   4.95999988913536       0.484244258467022       0.515755661066706     
   4.96999988891184       0.489575870179770       0.510424049353958     
   4.97999988868833       0.494974143728228       0.505025871172933     
   4.98999988846481       0.500436027354539       0.499563987546622     
   4.99999988824129       0.505959089189158       0.494040973395720     
   5.00999988801777       0.511540325157945       0.488459689743216     
   5.01999988779426       0.517177112656491       0.482822902244671     
   5.02999988757074       0.522866733712952       0.477133376555642     
   5.03999988734722       0.528606518039204       0.471393449178240     
   5.04999988712370       0.534393699979688       0.465606219554040     
   5.05999988690019       0.540225752297427       0.459774214920017     
   5.06999988667667       0.546100100071730       0.453899867145715     
   5.07999988645315       0.552013739228453       0.447986132621558     
   5.08999988622963       0.557964333265488       0.442035586268240     
   5.09999988600612       0.563949021159843       0.436050993741318     
   5.10999988578260       0.569965132623391       0.430034834594053     
   5.11999988555908       0.576009949684291       0.423990112900587     
   5.12999988533556       0.582080372900968       0.417919546632760     
   5.13999988511205       0.588173684301580       0.411826282915865     
   5.14999988488853       0.594286832128269       0.405713182772892     
   5.15999988466501       0.600416621572027       0.399583274119843     
   5.16999988444149       0.606559857823846       0.393440157077315     
   5.17999988421798       0.612713059972421       0.387287002612457     
   5.18999988399446       0.618872604055294       0.381127387004009     
   5.19999988377094       0.625034770742577       0.374965148791151     
   5.20999988354743       0.631195936071812       0.368804126513066     
   5.21999988332391       0.637351331671347       0.362648611704239     
   5.22999988310039       0.643497095160143       0.356502824373585     
   5.23999988287687       0.649628362799113       0.350371532892757     
   5.24999988265336       0.655740366216605       0.344259553317123     
   5.25999988242984       0.661827812520084       0.338172202381077     
   5.26999988220632       0.667885218082148       0.332114749135297     
   5.27999988198280       0.673906765489381       0.326093249411780     
   5.28999988175929       0.679886351226067       0.320113615991378     
   5.29999988153577       0.685817490306757       0.314182453068829     
   5.30999988131225       0.691693459327421       0.308306555573740     
   5.31999988108873       0.697506914995714       0.302493004538015     
   5.32999988086522       0.703250561703005       0.296749405514440     
   5.33999988064170       0.708916436268634       0.291083530948811     
   5.34999988041818       0.714496527828224       0.285503487072937     
   5.35999988019466       0.719982348680233       0.280017713904645     
   5.36999987997115       0.725365077337102       0.274634866038484     
   5.37999987974763       0.730636130729856       0.269363860329447     
   5.38999987952411       0.735786162850054       0.264213708999957     
   5.39999987930059       0.740806352210139       0.259193662691022     
   5.40999987907708       0.745687114383088       0.254312852834357     
   5.41999987885356       0.750419437146476       0.249580482387252     
   5.42999987863004       0.754994308277880       0.245005658939565     
   5.43999987840652       0.759402667871157       0.240597299346287     
   5.44999987818301       0.763635980541050       0.236364082043828     
   5.45999987795949       0.767685710902299       0.232314232473287     
   5.46999987773597       0.771544277243976       0.228455737657185     
   5.47999987751245       0.775204193222585       0.224795726311143     
   5.48999987728894       0.778659069220112       0.221340897997333     
   5.49999987706542       0.781902801720840       0.218097070129172     
   5.50999987684190       0.784930431618250       0.215069535599195     
   5.51999987661839       0.787737810429004       0.212262156788441     
   5.52999987639487       0.790321695660378       0.209678271557067     
   5.53999987617135       0.792680084596277       0.207319858779309     
   5.54999987594783       0.794812071246088       0.205187848287640     
   5.55999987572432       0.796717846344677       0.203282144714626     
   5.56999987550080       0.798398601984957       0.201601198339480     
   5.57999987527728       0.799857532975935       0.200142529608943     
   5.58999987505376       0.801097881810335       0.198902133090826     
   5.59999987483025       0.802124893696977       0.197875085441397     
   5.60999987460673       0.802944767519008       0.197055223540294     
   5.61999987438321       0.803564846568776       0.196435144490527     
   5.62999987415969       0.803993427812955       0.196006575167277     
   5.63999987393618       0.804239666525120       0.195760300692324     
   5.64999987371266       0.804313862388042       0.195686128671261     
   5.65999987348914       0.804226696554224       0.195773342188795     
   5.66999987326562       0.803989422380766       0.196010473311103     
   5.67999987304211       0.803614437633968       0.196385577267193     
   5.68999987281859       0.803113472508095       0.196886542393067     
   5.69999987259507       0.802499020136878       0.197500911317779     
   5.70999987237155       0.801783573654049       0.198216393563396     
   5.71999987214804       0.800979244723607       0.199020698651980     
   5.72999987192452       0.800098240376983       0.199901774524179     
   5.73999987170100       0.799151909338711       0.200848105562450     
   5.74999987147748       0.798151409598461       0.201848557618984     
   5.75999987125397       0.797107231573868       0.202892735643577     
   5.76999987103045       0.796029150426822       0.203970816790623     
   5.77999987080693       0.794925892277448       0.205074074939997     
   5.78999987058342       0.793805611041272       0.206194308492456     
   5.79999987035990       0.792675554643207       0.207324507941671     
   5.80999987013638       0.791541540496670       0.208458402878916     
   5.81999986991286       0.790409099912779       0.209590819620949     
   5.82999986968935       0.789282524426021       0.210717490475140     
   5.83999986946583       0.788165056529120       0.211834958372041     
   5.84999986924231       0.787059271142770       0.212940791442108     
   5.85999986901879       0.785966789513331       0.214033225387830     
   5.86999986879528       0.784888660682569       0.215111258851159     
   5.87999986857176       0.783825123069064       0.216174748780947     
   5.88999986834824       0.782776128989102       0.217223838228342     
   5.89999986812472       0.781740629400918       0.218259361658385     
   5.90999986790121       0.780717479895316       0.219282535005846     
   5.91999986767769       0.779705249960799       0.220294717256646     
   5.92999986745417       0.778702222983572       0.221297672708298     
   5.93999986723065       0.777706634666124       0.222293284867604     
   5.94999986700714       0.776716577659794       0.223283389557650     
   5.95999986678362       0.775730049248487       0.224269870285241     
   5.96999986656010       0.774745475869558       0.225254491347886     
   5.97999986633658       0.773761093225495       0.226238921675666     
   5.98999986611307       0.772775470804802       0.227224544096359     
   5.99999986588955       0.771787273463417       0.228212669912169     
   6.00999986566603       0.770795642894441       0.229204276639287     
   6.01999986544251       0.769799911525844       0.230200008007884     
   6.02999986521900       0.768799602520460       0.231200388538843     
   6.03999986499548       0.767794477459706       0.232205537441455     
   6.04999986477196       0.766784536343582       0.233215359348288     
   6.05999986454844       0.765770446744121       0.234229520473324     
   6.06999986432493       0.764752542447336       0.235247472453825     
   6.07999986410141       0.763731681760127       0.236268285457317     
   6.08999986387789       0.762708866040541       0.237291101176904     
   6.09999986365438       0.761685287381489       0.238314679835955     
   6.10999986343086       0.760662185559603       0.239337710132267     
   6.11999986320734       0.759640991086378       0.240358976131066     
   6.12999986298382       0.758623229840744       0.241376689692984     
   6.13999986276031       0.757610523069062       0.242389515673958     
   6.14999986253679       0.756604253599111       0.243395737460192     
   6.15999986231327       0.755606185728404       0.244393733805325     
   6.16999986208975       0.754617988387018       0.245382002672285     
   6.17999986186624       0.753641139770167       0.246358732079845     
   6.18999986164272       0.752677451859078       0.247322467674650     
   6.19999986141920       0.751728355165248       0.248271564368480     
   6.20999986119568       0.750795518618755       0.249204448598690     
   6.21999986097217       0.749880420414812       0.250119618328208     
   6.22999986074865       0.748984395697480       0.251015476152531     
   6.23999986052513       0.748109351815422       0.251890710769455     
   6.24999986030161       0.747256147075536       0.252743772458192     
   6.25999986007810       0.746426688826482       0.253573254549105     
   6.26999985985458       0.745622216844890       0.254377750372555     
   6.27999985963106       0.744844113958539       0.255155853258906     
   6.28999985940754       0.744093715311493       0.255906275747810     
   6.29999985918403       0.743372499098964       0.256627420434764     
   6.30999985896051       0.742681705097581       0.257318166752430     
   6.31999985873699       0.742023002237424       0.257976964980021     
   6.32999985851347       0.741397487243972       0.258602456131614     
   6.33999985828996       0.740806781363588       0.259193233537573     
   6.34999985806644       0.740252124372901       0.259747938211977     
   6.35999985784292       0.739734851415975       0.260265187327045     
   6.36999985761940       0.739256393004304       0.260743526529424     
   6.37999985739589       0.738818275016818       0.261181596833193     
   6.38999985717237       0.738421832597581       0.261578182303580     
   6.39999985694885       0.738068210155788       0.261931780903515     
   6.40999985672534       0.737758838202936       0.262241176698225     
   6.41999985650182       0.737494765780788       0.262505249120373     
   6.42999985627830       0.737277184982258       0.262722782235187     
   6.43999985605478       0.737107287900258       0.262892631633470     
   6.44999985583127       0.736985885157971       0.263013986692041     
   6.45999985560775       0.736913882746009       0.263086036787719     
   6.46999985538423       0.736891948236405       0.263108066664756     
   6.47999985516071       0.736920463098890       0.263079504118554     
   6.48999985493720       0.736999999538064       0.262999967679381     
   6.49999985471368       0.737130557553925       0.262869361979803     
   6.50999985449016       0.737312327881341       0.262687734703537     
   6.51999985426664       0.737544642948279       0.262455228901732     
   6.52999985404313       0.737827598122173       0.262172321411555     
   6.53999985381961       0.738160239728693       0.261839727488752     
   6.54999985359609       0.738541709460939       0.261458210072789     
   6.55999985337257       0.738970958277150       0.261029032782153     
   6.56999985314906       0.739446651033262       0.260553363867899     
   6.57999985292554       0.739967261850346       0.260032705367099     
   6.58999985270202       0.740531121798323       0.259468797735405     
   6.59999985247850       0.741136657314549       0.258863309902896     
   6.60999985225499       0.741781674948061       0.258218268427525     
   6.61999985203147       0.742464362717634       0.257535628341669     
   6.62999985180795       0.743182574856021       0.256817487728856     
   6.63999985158443       0.743934117912264       0.256065849305180     
   6.64999985136092       0.744717227588851       0.255282787312311     
   6.65999985113740       0.745529758118536       0.254470232940767     
   6.66999985091388       0.746369992887526       0.253630069697351     
   6.67999985069036       0.747236072230876       0.252763918828427     
   6.68999985046685       0.748126708688240       0.251873258529205     
   6.69999985024333       0.749040710166703       0.250959304734458     
   6.70999985001981       0.749977027624503       0.250022987276658     
   6.71999984979630       0.750934898122175       0.249065021411553     
   6.72999984957278       0.751914226292286       0.248085788608876     
   6.73999984934926       0.752914630665103       0.247085288868625     
   6.74999984912574       0.753936588077792       0.246063259930361     
   6.75999984890223       0.754980718418668       0.245019248798776     
   6.76999984867871       0.756047498524897       0.243952468692548     
   6.77999984845519       0.757138025121957       0.242861942095487     
   6.78999984823167       0.758253585670197       0.241746500756539     
   6.79999984800816       0.759394990792796       0.240605024108365     
   6.80999984778464       0.760563861736117       0.239436105481328     
   6.81999984756112       0.761761295225639       0.238238719675522     
   6.82999984733760       0.762988244935695       0.237011626914317     
   6.83999984711409       0.764245807591763       0.235754159625682     
   6.84999984689057       0.765534507714726       0.234465554870152     
   6.85999984666705       0.766854392988300       0.233145621912861     
   6.86999984644353       0.768205463412485       0.231794479963101     
   6.87999984622002       0.769587337517549       0.230412605858037     
   6.88999984599650       0.770998966261729       0.229001048639432     
   6.89999984577298       0.772438633031229       0.227561334186216     
   6.90999984554946       0.773904716579686       0.226095369847050     
   6.91999984532595       0.775394355884110       0.224605515965902     
   6.92999984510243       0.776905357493540       0.223094633565763     
   6.93999984487891       0.778434049761803       0.221565941297500     
   6.94999984465539       0.779977047145024       0.220022943914278     
   6.95999984443188       0.781530487262167       0.218469432271561     
   6.96999984420836       0.783090507732190       0.216909459485255     
   6.97999984398484       0.784652912388040       0.215347102513121     
   6.98999984376132       0.786213266644079       0.213786605205932     
   6.99999984353781       0.787767851170418       0.212232116047026     
   7.00999984331429       0.789312231381420       0.210687783519742     
   7.01999984309077       0.790842401844895       0.209157613056266     
   7.02999984286726       0.792354690914671       0.207645323986490     
   7.03999984264374       0.793845426944575       0.206154492589153     
   7.04999984242022       0.795311701227899       0.204688361356979     
   7.05999984219670       0.796750318955635       0.203249672103668     
   7.06999984197319       0.798158943625673       0.201840975908055     
   7.07999984174967       0.799535572521918       0.200464394695526     
   7.08999984152615       0.800878632081726       0.199121370898506     
   7.09999984130263       0.802186977895900       0.197813108530836     
   7.10999984107912       0.803459847024975       0.196540179797116     
   7.11999984085560       0.804697239468950       0.195302811194998     
   7.12999984063208       0.805899441330126       0.194100692780326     
   7.13999984040856       0.807066738710802       0.192933180822926     
   7.14999984018505       0.808200848224772       0.191799130913602     
   7.15999983996153       0.809302532811500       0.190697315196653     
   7.16999983973801       0.810373699819650       0.189626172030362     
   7.17999983951449       0.811415875128148       0.188584068247438     
   7.18999983929098       0.812430679983358       0.187569311075945     
   7.19999983906746       0.813419735631641       0.186580231585804     
   7.20999983884394       0.814384472584493       0.185615446949235     
   7.21999983862042       0.815326321353410       0.184673669705893     
   7.22999983839691       0.816245854142991       0.183754041548879     
   7.23999983817339       0.817143929260133       0.182855918748020     
   7.24999983794987       0.818020832807136       0.181979182094025     
   7.25999983772635       0.818875992579400       0.181123903112470     
   7.26999983750284       0.819709122474627       0.180290844742817     
   7.27999983727932       0.820519268818487       0.179480769924533     
   7.28999983705580       0.821305096466915       0.178695013801679     
   7.29999983683228       0.822064984173551       0.177935030727610     
   7.30999983660877       0.822797501426898       0.177202418106830     
   7.31999983638525       0.823501026980594       0.176498916394992     
   7.32999983616173       0.824173748853411       0.175826158759388     
   7.33999983593822       0.824814427268720       0.175185682999874     
   7.34999983571470       0.825421154877858       0.174578812339586     
   7.35999983549118       0.825993359476229       0.174006536215641     
   7.36999983526766       0.826530564226665       0.173469450674496     
   7.37999983504415       0.827032292292003       0.172967651083583     
   7.38999983482063       0.827499211244273       0.172500815577817     
   7.39999983459711       0.827932084022940       0.172067811668930     
   7.40999983437359       0.828332913344099       0.171667053873346     
   7.41999983415008       0.828703701923843       0.171296360661035     
   7.42999983392656       0.829047120050298       0.170952823325289     
   7.43999983370304       0.829366982420787       0.170632984796658     
   7.44999983347952       0.829667103732632       0.170332827722025     
   7.45999983325601       0.829952156990053       0.170047869832037     
   7.46999983303249       0.830226910564704       0.169773187782961     
   7.47999983280897       0.830496418930537       0.169503476761333     
   7.48999983258545       0.830766880970700       0.169233157772320     
   7.49999983236194       0.831043446526579       0.168956580295512     
   7.50999983213842       0.831332123746456       0.168667926917492     
   7.51999983191490       0.831638539308884       0.168361380224844     
   7.52999983169138       0.831968605994710       0.168031349301805     
   7.53999983146787       0.832327569012755       0.167672302837257     
   7.54999983124435       0.832720768939268       0.167279102910744     
   7.55999983102083       0.833153164880770       0.166846861941321     
   7.56999983079731       0.833628857636882       0.166371145343351     
   7.57999983057380       0.834152043374658       0.165847971526503     
   7.58999983035028       0.834726155321690       0.165273859579472     
   7.59999983012676       0.835354054500968       0.164645817349044     
   7.60999982990324       0.836038506568052       0.163961365281960     
   7.61999982967973       0.836781323504169       0.163218703317921     
   7.62999982945621       0.837583554351085       0.162416365182644     
   7.63999982923269       0.838446438885427       0.161553564094805     
   7.64999982900918       0.839369977107197       0.160629906663744     
   7.65999982878566       0.840354359751259       0.159645500177823     
   7.66999982856214       0.841399014613017       0.158600904920711     
   7.67999982833862       0.842502797283274       0.157497086487667     
   7.68999982811511       0.843664754087698       0.156335320418109     
   7.69999982789159       0.844882786942762       0.155117263721187     
   7.70999982766807       0.846155179234671       0.153844811824632     
   7.71999982744455       0.847479832879898       0.152520086653830     
   7.72999982722104       0.848854459060050       0.151145484315537     
   7.73999982699752       0.850276578221866       0.149723520125799     
   7.74999982677400       0.851743138607489       0.148256792847168     
   7.75999982655048       0.853251851398525       0.146748115818919     
   7.76999982632697       0.854799664837117       0.145200290459399     
   7.77999982610345       0.856383908635138       0.143616201633456     
   7.78999982587993       0.858001244932431       0.141998746126871     
   7.79999982565641       0.859649098808305       0.140350916092856     
   7.80999982543290       0.861324418504900       0.138675548712545     
   7.81999982520938       0.863024342999225       0.136975671901936     
   7.82999982498586       0.864745915900855       0.135254122842165     
   7.83999982476234       0.866486180819365       0.133513798319009     
   7.84999982453883       0.868242467466629       0.131757535513603     
   7.85999982431531       0.870011914819656       0.129988183528009     
   7.86999982409179       0.871791471120588       0.128208508017786     
   7.87999982386827       0.873578656816164       0.126421310401280     
   7.88999982364476       0.875370706250827       0.124629260966618     
   7.89999982342124       0.877164853769017       0.122835065764711     
   7.90999982319772       0.878958524450042       0.121041395083687     
   7.91999982297421       0.880749143373208       0.119250919211670     
   7.92999982275069       0.882533658780659       0.117466189227494     
   7.93999982252717       0.884310163323732       0.115689851577429     
   7.94999982230365       0.886075605244571       0.113924361972874     
   7.95999982208014       0.887827695724781       0.112172354939168     
   7.96999982185662       0.889563764476236       0.110436250424925     
   7.97999982163310       0.891281522680544       0.108718516062476     
   7.98999982140958       0.892978395417011       0.107021595642292     
   7.99999982118607       0.894652093867244       0.105347921033918     
   8.00999982096255       0.896300329212849       0.103699816818533     
   8.01999982073903       0.897920240430835       0.102079619498247     
   8.02999982051551       0.899510397009706       0.100489665575171     
   8.03999982029200       0.901067747191604       9.893218426305328E-002
   8.04999982006848       0.902590478995300       9.740941073610498E-002
   8.05999981984496       0.904076398969835       9.592356824760984E-002
   8.06999981962144       0.905523122929381       9.447680852527629E-002
   8.07999981939793       0.906928648157844       9.307127733634823E-002
   8.08999981917441       0.908290876571698       9.170909064574673E-002
   8.09999981895089       0.909607710087414       9.039238826025109E-002
   8.10999981872737       0.910876669151733       8.912325038199498E-002
   8.11999981850386       0.912096132518293       8.790379893636402E-002
   8.12999981828034       0.913263906736134       8.673616180920840E-002
   8.13999981805682       0.914377607619429       8.562246688637831E-002
   8.14999981783330       0.915435041717217       8.456489569790504E-002
   8.15999981760979       0.916434397048270       8.356565361567814E-002
   8.16999981738627       0.917372907957031       8.262694601158715E-002
   8.17999981716275       0.918248857829703       8.175112130867124E-002
   8.18999981693923       0.919059576378160       8.094045640439473E-002
   8.19999981671572       0.919802584049144       8.019734740551332E-002
   8.20999981649220       0.920475782759127       7.952426790482203E-002
   8.21999981626868       0.921076406852549       7.892364977186395E-002
   8.22999981604517       0.921601881408719       7.839805600640259E-002
   8.23999981582165       0.922049917609243       7.795004960820151E-002
   8.24999981559813       0.922417654431129       7.758223530027619E-002
   8.25999981537461       0.922702803055984       7.729722376610670E-002
   8.26999981515110       0.922902311725949       7.709770317521247E-002
   8.27999981492758       0.923013700887765       7.698631401339640E-002
   8.28999981470406       0.923034300253306       7.696571464785507E-002
   8.29999981448054       0.922961344167014       7.703858728764335E-002
   8.30999981425703       0.922792448443062       7.720750685345390E-002
   8.31999981403351       0.922524942793324       7.747506018690853E-002
   8.32999981380999       0.922156156929674       7.784376260405423E-002
   8.33999981358647       0.921683992768585       7.831603405350496E-002
   8.34999981336296       0.921105780021932       7.889419911644158E-002
   8.35999981313944       0.920419325238754       7.958050488800561E-002
   8.36999981291592       0.919623007172689       8.037698984707875E-002
   8.37999981269240       0.918714441637910       8.128557326325137E-002
   8.38999981246889       0.917692102755488       8.230799559217683E-002
   8.39999981224537       0.916554178544196       8.344578271278413E-002
   8.40999981202185       0.915299715329702       8.470025188774244E-002
   8.41999981179833       0.913927473335377       8.607248196113826E-002
   8.42999981157482       0.912436689621757       8.756325375382978E-002
   8.43999981135130       0.910826791984242       8.917315735180908E-002
   8.44999981112778       0.909097494320534       9.090243713412338E-002
   8.45999981090426       0.907248987365499       9.275102753566244E-002
   8.46999981068075       0.905281461854003       9.471859477041056E-002
   8.47999981045723       0.903195489990644       9.680446530587172E-002
   8.48999981023371       0.900992311552052       9.900765566539249E-002
   8.49999981001019       0.898673070947424       0.101326896270020     
   8.50999980978668       0.896239484790556       0.103760553952464     
   8.51999980956316       0.893693269695241       0.106306733284991     
   8.52999980933964       0.891036809847307       0.108963205053854     
   8.53999980911613       0.888272489432580       0.111727430101148     
   8.54999980889261       0.885403264841486       0.114596654692242     
   8.55999980866909       0.882432187831881       0.117567779385563     
   8.56999980844557       0.879362500896491       0.120637514004670     
   8.57999980822206       0.876197732630338       0.123802270349894     
   8.58999980799854       0.872941697730745       0.127058245644841     
   8.59999980777502       0.869598496997334       0.130401446378253     
   8.60999980755150       0.866172231229726       0.133827688304002     
   8.61999980732799       0.862667287329842       0.137332608362028     
   8.62999980710447       0.859088242934469       0.140911688520188     
   8.63999980688095       0.855439580312961       0.144560339220767     
   8.64999980665743       0.851725972469538       0.148273875538615     
   8.65999980643392       0.847952473878152       0.152047564864867     
   8.66999980621040       0.844123280705858       0.155876603065082     
   8.67999980598688       0.840243733528908       0.159756269451324     
   8.68999980576336       0.836318219249222       0.163681747968223     
   8.69999980553985       0.832351506238453       0.167648484820850     
   8.70999980531633       0.828347981398522       0.171651890451489     
   8.71999980509281       0.824312413101083       0.175687506432645     
   8.72999980486929       0.820248902145757       0.179751100834475     
   8.73999980464578       0.816161358597299       0.183838513252713     
   8.74999980442226       0.812054169357630       0.187945821701673     
   8.75999980419874       0.807930576919475       0.192069306851466     
   8.76999980397522       0.803794491347588       0.196205440107069     
   8.77999980375171       0.799649012083545       0.200350907450183     
   8.78999980352819       0.795497333936353       0.204502585597375     
   8.79999980330467       0.791342317929004       0.208657649288440     
   8.80999980308115       0.787186538982191       0.212813380551538     
   8.81999980285764       0.783032524332889       0.216967347517123     
   8.82999980263412       0.778882610483208       0.221117332892378     
   8.83999980241060       0.774738800149244       0.225261214751917     
   8.84999980218709       0.770602905312224       0.229397014221504     
   8.85999980196357       0.766476928688242       0.233523038529203     
   8.86999980174005       0.762362205421361       0.237637714112367     
   8.87999980151653       0.758260452125377       0.241739467408351     
   8.88999980129302       0.754173194679218       0.245826820221943     
   8.89999980106950       0.750101577492082       0.249898389725363     
   8.90999980084598       0.746047078759180       0.253952888458265     
   8.91999980062246       0.742011128992008       0.257988885909153     
   8.92999980039895       0.737994967967197       0.262004975408390     
   8.93999980017543       0.734000264614824       0.265999797970053     
   8.94999979995191       0.730028163344087       0.269971756189641     
   8.95999979972839       0.726080714554797       0.273919252662647     
   8.96999979950488       0.722159396442166       0.277840546933421     
   8.97999979928136       0.718266307089721       0.281733707811441     
   8.98999979905784       0.714403306162406       0.285596708738755     
   8.99999979883432       0.710572539427467       0.289427380106261     
   9.00999979861081       0.706776724856745       0.293223290044416     
   9.01999979838729       0.703017960533767       0.296982006683677     
   9.02999979816377       0.699299012114093       0.300700907419635     
   9.03999979794025       0.695622788304430       0.304377155071156     
   9.04999979771674       0.691992102444054       0.308007936298965     
   9.05999979749322       0.688409815555957       0.311590223187062     
   9.06999979726970       0.684878931714280       0.315121011661306     
   9.07999979704618       0.681402550360598       0.318597416856846     
   9.08999979682267       0.677983484834186       0.322016482383258     
   9.09999979659915       0.674624691525469       0.325375275691975     
   9.10999979637563       0.671328745355140       0.328671126494871     
   9.11999979615211       0.668098555029907       0.331901436029396     
   9.12999979592860       0.664935980214715       0.335063963160872     
   9.13999979570508       0.661843357411673       0.338156609805772     
   9.14999979548156       0.658822260183427       0.341177707034017     
   9.15999979525805       0.655873975990325       0.344125967385262     
   9.16999979503453       0.652999506190412       0.347000461027033     
   9.17999979481101       0.650199232253421       0.349800782647741     
   9.18999979458749       0.647473058811919       0.352526908405526     
   9.19999979436398       0.644820461345024       0.355179410504988     
   9.20999979414046       0.642240438494689       0.357759528722756     
   9.21999979391694       0.639731225963402       0.360268788937759     
   9.22999979369342       0.637290582616487       0.362709384600958     
   9.23999979346991       0.634915838165817       0.365084224419061     
   9.24999979324639       0.632603464016370       0.367396503201075     
   9.25999979302287       0.630349836205689       0.369650178695473     
   9.26999979279935       0.628150472464419       0.371849470911167     
   9.27999979257584       0.626000652104626       0.373999315112819     
   9.28999979235232       0.623895082233773       0.376104932667388     
   9.29999979212880       0.621828088489593       0.378171783360418     
   9.30999979190528       0.619793805774954       0.380206161442491     
   9.31999979168177       0.617785939839273       0.382214075061889     
   9.32999979145825       0.615798101064534       0.384201818469194     
   9.33999979123473       0.613823804465291       0.386176210435870     
   9.34999979101121       0.611856374321228       0.388143592896217     
   9.35999979078770       0.609889230279464       0.390110760779839     
   9.36999979056418       0.607915887354551       0.392084079862894     
   9.37999979034066       0.605930003612190       0.394069939763396     
   9.38999979011714       0.603925618587816       0.396074348629629     
   9.39999978989363       0.601896771816861       0.398103195400584     
   9.40999978967011       0.599838218090508       0.400161844494370     
   9.41999978944659       0.597744855251086       0.402255111966358     
   9.42999978922307       0.595612344080394       0.404387670820768     
   9.43999978899956       0.593436726829957       0.406563192703771     
   9.44999978877604       0.591214761007052       0.408785253894109     
   9.45999978855252       0.588943680956120       0.411056333945041     
   9.46999978832901       0.586621483961068       0.413378435572660     
   9.47999978810549       0.584246930245264       0.415753036972180     
   9.48999978788197       0.581819304552962       0.418180662664483     
   9.49999978765845       0.579338559200444       0.420661360333284     
   9.50999978743494       0.576805600178325       0.423194414722836     
   9.51999978721142       0.574221524212085       0.425778395321643     
   9.52999978698790       0.571588667803834       0.428411299413611     
   9.53999978676438       0.568909272088248       0.431090742812913     
   9.54999978654087       0.566186627241770       0.433813196924525     
   9.55999978631735       0.563424404910570       0.436575514623158     
   9.56999978609383       0.560626705894272       0.439373261323173     
   9.57999978587031       0.557797964778512       0.442202002438933     
   9.58999978564680       0.554942949934944       0.445057017282501     
   9.59999978542328       0.552066811204952       0.447933203696209     
   9.60999978519976       0.549174889164789       0.450825030368939     
   9.61999978497624       0.546272762809288       0.453727156724440     
   9.62999978475273       0.543366058817000       0.456633860716728     
   9.63999978452921       0.540460403866476       0.459539563350969     
   9.64999978430569       0.537561615371132       0.462438351846313     
   9.65999978408217       0.534675320009519       0.465324599524209     
   9.66999978385866       0.531807335195055       0.468192536654957     
   9.67999978363514       0.528963287606288       0.471036727294873     
   9.68999978341162       0.526148708554338       0.473851210979390     
   9.69999978318810       0.523368986299172       0.476630980918273     
   9.70999978296459       0.520629509100758       0.479370505800404     
   9.71999978274107       0.517935474484197       0.482064492733247     
   9.72999978251755       0.515291889239727       0.484708030294001     
   9.73999978229403       0.512703903208731       0.487296016324997     
   9.74999978207052       0.510176380130297       0.489823539403432     
   9.75999978184700       0.507714040692360       0.492285926525085     
   9.76999978162348       0.505321700950290       0.494678313950871     
   9.77999978139997       0.503003795489725       0.496996171727719     
   9.78999978117645       0.500765188049751       0.499234731483977     
   9.79999978095293       0.498610313216005       0.501389797052589     
   9.80999978072941       0.496543605574125       0.503456409327036     
   9.81999978050590       0.494569595077181       0.505430419823981     
   9.82999978028238       0.492692620943377       0.507307441641501     
   9.83999978005886       0.490917213125783       0.509082801775378     
   9.84999977983534       0.489247615475172       0.510752304058556     
   9.85999977961183       0.487688071842314       0.512311943058847     
   9.86999977938831       0.486242778394264       0.513757236506898     
   9.87999977916479       0.484915645195777       0.515084226654235     
   9.88999977894127       0.483710582311609       0.516289337222119     
   9.89999977871776       0.482631309071650       0.517368705829512     
   9.90999977849424       0.481680924917473       0.518319042299971     
   9.91999977827072       0.480862767709237       0.519137199508208     
   9.92999977804720       0.480179412367633       0.519820602533528     
   9.93999977782369       0.479633100027339       0.520366771822673     
   9.94999977760017       0.479225690353299       0.520774276864145     
   9.95999977737665       0.478958518489577       0.521041544095301     
   9.96999977715313       0.478831965905904       0.521168048995257     
   9.97999977692962       0.478846366388296       0.521153553145432     
   9.98999977670610       0.479000909313573       0.520999057903872     
   9.99999977648258       0.479294402588820       0.520705564628624     
